Protein	Total GO	Leaf node	Internal node	Last node in tree
B4ELA5	5	4	1	5
P07465	3	1	2	3
Q88YN8	3	3	0	3
P20235	3	2	1	3
A5FEA5	3	1	2	3
Q9P8P4	6	2	4	6
P41132	4	0	4	4
A3QGU0	6	2	4	6
Q9R0W1	66	27	39	53
P03421	3	3	0	3
Q9FGY9	10	2	8	10
B1A4P8	3	1	2	3
A0A7M6UNN1	2	1	1	2
Q9TXI7	31	14	17	27
Q9NWW9	12	5	7	11
B0BBT2	4	1	3	4
Q99569	23	4	19	20
P69011	6	1	5	6
P16477	2	0	2	2
P39457	4	2	2	4
M3APK4	2	0	2	2
P06200	8	6	2	7
P17243	4	3	1	4
A8ZW25	2	0	2	2
B4MXR8	15	5	10	15
Q02325	4	2	2	4
Q57D38	4	3	1	4
Q54D93	5	2	3	5
Q6C8W4	3	0	3	3
Q7TXK3	3	0	3	3
Q6NMA7	6	1	5	6
P83367	2	0	2	2
Q0T7R6	4	2	2	4
Q0VBU9	8	3	5	8
Q7TYY6	6	1	5	6
A3KNW0	14	6	8	14
O22899	9	3	6	8
Q70EW5	6	1	5	6
Q5U2P6	4	1	3	3
Q6UXB8	4	2	2	4
Q9FNN9	7	2	5	5
Q54FN2	3	1	2	3
Q6GQ68	4	1	3	4
A1CI53	4	2	2	4
P40935	13	5	8	12
P06592	8	3	5	8
Q58711	4	2	2	3
Q5B8A1	4	0	4	3
P85026	2	1	1	2
P29990	35	18	17	35
Q7VC78	5	3	2	5
P62195	31	9	22	28
Q13523	14	2	12	11
P10164	1	0	1	1
P40534	2	1	1	2
Q9LX49	4	1	3	4
A6MM35	9	4	5	9
Q92LF7	4	3	1	4
A2YQ93	4	1	3	4
P40249	5	0	5	5
B2XWR0	5	2	3	5
A1WPU0	5	1	4	5
Q6FR44	9	4	5	9
Q2EY14	3	0	3	3
A6WHR9	4	1	3	4
Q6Y8A2	3	2	1	3
Q68S10	8	3	5	8
Q3BAP6	4	2	2	4
Q6L386	4	3	1	4
Q3E6T0	5	0	5	5
D3Z4S3	1	1	0	1
Q1DNY1	3	0	3	3
Q804W2	3	0	3	3
A0A067XNI2	3	2	1	3
P63361	4	2	2	4
Q62035	41	16	25	38
Q09G66	11	5	6	11
O67560	4	1	3	4
Q4FFP4	9	4	5	9
Q7VR68	5	1	4	5
Q5VRH9	4	0	4	4
O94329	9	4	5	9
Q2JSX7	5	4	1	5
O78455	4	2	2	4
P0CQ03	3	1	2	3
Q9I315	1	1	0	1
A0K3Q2	3	1	2	3
O42335	1	0	1	1
A7M950	5	2	3	5
Q0W2D6	4	1	3	4
Q5QKR7	1	0	1	1
A4QL45	7	3	4	7
Q6I628	6	3	3	6
A3PAX5	4	3	1	4
Q5AK66	12	7	5	12
O14111	12	6	6	12
P55967	3	2	1	3
P40454	13	4	9	12
P28215	1	0	1	1
B0U0Y2	5	1	4	5
Q92N67	3	1	2	3
P9WG11	4	0	4	4
Q49780	5	1	4	5
P28061	5	1	4	4
A2C6G3	4	2	2	4
Q9BBT2	5	4	1	5
Q8SRT0	2	1	1	2
P0C408	5	3	2	5
P51765	11	5	6	11
Q7SEF9	6	3	3	6
P54637	11	0	11	9
Q6B935	5	3	2	5
Q8PBC0	3	2	1	3
Q7NEF9	5	2	3	5
A9WDM8	5	2	3	5
B3CN31	4	1	3	4
Q7ZYS1	4	2	2	4
Q492B6	6	1	5	6
Q9ZAE3	4	2	2	4
B6YSN3	4	1	3	4
Q6CBS7	3	3	0	3
Q4N438	4	1	3	4
Q5JJH0	4	2	2	4
P46899	5	2	3	5
Q7UI03	8	2	6	7
P0C363	8	3	5	8
A9AJN2	3	1	2	3
Q837U7	4	2	2	4
P12189	6	3	3	6
P9WHD7	5	2	3	5
A4GYS5	5	3	2	5
O05507	6	1	5	6
P69416	6	3	3	6
A0A0G2JMD5	5	0	5	5
Q9D6X6	3	2	1	3
G5EE01	34	9	25	31
Q9DEI1	9	4	5	9
D0VWR1	8	3	5	8
Q58DU5	9	1	8	9
P23470	10	3	7	9
P12853	5	4	1	5
P0A432	4	3	1	4
Q9FLZ5	8	3	5	5
B4KPU0	18	9	9	16
Q05909	8	2	6	8
Q86Y79	2	1	1	2
P69553	6	4	2	6
Q9BBR6	7	3	4	7
P69796	4	1	3	4
P69793	3	1	2	3
Q5R780	27	6	21	25
Q8Y6C6	5	3	2	5
Q0IHB3	2	0	2	2
P69828	9	3	6	9
Q7WDT5	2	1	1	2
Q8ZVM1	6	1	5	6
P54033	4	3	1	4
P0A403	4	2	2	4
P23320	2	1	1	2
Q6GI12	2	2	0	2
Q85AJ9	4	2	2	4
Q31CT1	6	4	2	6
O59219	5	1	4	5
A8G2V8	7	2	5	7
B3L2V1	5	3	2	5
C0H3V2	5	1	4	5
Q54JC8	7	3	4	6
P19152	7	3	4	7
B0SA29	3	1	2	3
Q9HXN2	6	3	3	6
A8FJW4	5	1	4	5
B8ZRF4	5	1	4	5
Q7VSX9	2	1	1	2
A5GLG6	3	3	0	3
Q5HE46	3	1	2	3
Q9F930	7	3	4	7
Q6ENF3	5	2	3	5
Q85G21	3	3	0	3
P26240	2	1	1	2
Q1J0R0	5	2	3	5
Q3ANC9	6	3	3	6
Q9FMH4	4	0	4	3
Q99952	10	3	7	8
Q9SA56	9	4	5	8
Q9D0J8	7	0	7	7
Q3KR66	15	3	12	15
Q4PSD1	5	0	5	4
A3PGL4	5	1	4	5
Q3MHN0	6	2	4	6
Q3JCT3	5	3	2	5
Q74DP5	8	3	5	7
Q0T9E3	5	3	2	5
Q1LRD4	4	2	2	4
P14120	9	4	5	8
Q5LS98	5	4	1	5
P32747	7	4	3	6
Q9JYJ8	9	3	6	8
Q97QN4	3	2	1	3
P43060	5	3	2	5
B1XS23	3	3	0	3
A9L4D0	5	2	3	5
P0A7D7	7	4	3	7
B0S341	4	3	1	4
B1GYY3	5	3	2	5
Q5HQ05	4	1	3	4
B2AHE3	3	3	0	3
Q0BTV7	5	4	1	5
Q4WLD0	5	2	3	4
Q68A21	18	3	15	12
Q02YJ4	3	3	0	3
Q609Y2	4	3	1	3
B5FF00	3	0	3	3
Q0VCK0	10	7	3	10
Q5RAP5	3	1	2	3
Q0ADT8	4	3	1	4
P85600	2	0	2	2
Q5ZJL5	7	5	2	7
P65920	3	3	0	3
Q0VQF5	4	3	1	4
Q54J34	5	4	1	4
Q4WLC8	3	0	3	3
D3ZVR7	8	2	6	7
Q10205	22	12	10	19
O52336	4	1	3	4
P08708	16	8	8	14
Q5JGR4	5	3	2	5
P48939	5	2	3	5
A8LK91	3	1	2	3
Q9HWE4	4	2	2	4
Q3A6N4	5	1	4	5
Q56251	2	0	2	2
Q9HAC7	2	2	0	2
P00960	5	3	2	5
A8EWI6	6	2	4	6
Q3K326	6	4	2	6
Q3JWP7	4	2	2	4
Q8U006	1	1	0	1
Q645Y5	4	1	3	4
A1A9M7	3	1	2	3
Q1LTU1	4	2	2	4
B1IRE9	7	2	5	7
Q8Z0W8	4	0	4	4
A7HKV2	5	2	3	5
B1JJ48	5	3	2	5
Q6NH31	6	3	3	6
Q2NFL1	4	2	2	4
O83595	5	2	3	5
Q98LR2	6	2	4	6
P53873	2	0	2	2
G2XKQ0	7	2	5	7
B0VUE2	4	0	4	4
Q0DJY3	4	0	4	3
B3STN5	2	0	2	2
O74377	7	0	7	6
Q58643	5	3	2	5
C4L8V5	4	3	1	4
A5WEW9	5	2	3	5
P75792	6	3	3	5
P33300	11	4	7	8
B0BSX5	6	3	3	6
A4IQ54	5	2	3	5
P38359	7	0	7	6
I1TEM1	7	1	6	7
Q83CD5	7	3	4	6
Q0CSG1	3	1	2	3
Q5FL61	8	5	3	8
Q826R9	4	3	1	4
Q64705	21	5	16	11
B3WCQ5	9	5	4	9
Q5QD06	3	0	3	3
B2S321	2	0	2	2
P09118	19	14	5	18
Q6FT93	11	9	2	11
P0CO14	6	4	2	6
P46209	1	0	1	1
Q9W148	11	2	9	9
O08625	23	7	16	19
C1DEF4	6	2	4	6
P96199	4	0	4	4
Q5B1X5	7	4	3	7
Q7L8C5	18	3	15	15
Q8A3M1	7	2	5	6
Q8KFJ7	8	1	7	8
Q6CJ57	10	9	1	10
Q923Y8	8	2	6	5
Q9BT88	57	18	39	48
Q9EQT6	19	3	16	16
O44091	3	2	1	3
Q55806	6	2	4	6
P59926	14	3	11	13
B6EIY7	6	4	2	6
Q9VNL3	5	1	4	5
A5DGZ7	2	1	1	2
Q1HQK8	2	1	1	2
Q9Y6N9	31	14	17	30
Q6WWW4	6	2	4	5
Q17029	3	1	2	3
O60179	7	5	2	7
Q48VL3	4	4	0	4
Q9LYZ7	2	0	2	2
Q9ES64	34	16	18	33
Q9SU29	11	1	10	9
P42945	16	13	3	14
Q495M9	14	6	8	14
Q8RWB8	3	0	3	3
Q9M223	4	3	1	4
Q09462	4	2	2	4
Q80T11	17	6	11	16
G0SF32	3	2	1	3
Q4J8L9	5	4	1	5
A2X3S3	2	0	2	2
B2U2D7	5	2	3	5
Q4UU84	6	3	3	6
P06869	35	9	26	26
Q2YYV1	3	1	2	3
A7NAN4	3	0	3	3
Q4ZXU7	5	5	0	5
Q8BGV0	8	5	3	8
Q1L8F4	2	0	2	2
Q6TGS6	6	2	4	6
Q9L3G6	6	3	3	6
Q6HHX9	4	3	1	4
Q6D8W0	4	2	2	4
Q8SRV7	4	2	2	4
P15019	6	3	3	6
Q9JJG0	15	3	12	14
O75410	19	7	12	16
Q9P6I0	7	5	2	7
Q9E6R2	3	1	2	3
Q8W4L5	8	1	7	8
Q43358	1	1	0	1
F7AEX0	5	1	4	5
Q8MHY7	16	5	11	16
P63384	9	5	4	9
P08438	3	2	1	3
C0HJX5	4	0	4	4
P29598	41	13	28	32
Q06727	4	1	3	4
Q81MY9	5	2	3	5
Q9JJ11	24	5	19	20
P04537	3	0	3	3
Q5DID0	17	5	12	17
A0RZC6	6	2	4	6
Q90YI8	14	5	9	13
Q89MN4	5	4	1	5
H2K888	4	3	1	4
Q2FXJ5	6	2	4	5
Q3MHP9	2	0	2	2
C4V8L1	5	2	3	5
O84035	6	2	4	5
P20351	11	7	4	9
H2K893	3	0	3	3
B4L629	5	4	1	5
Q97L67	1	1	0	1
H2K885	3	0	3	3
Q8TBG9	3	1	2	3
Q29I03	7	5	2	7
C9WMM5	2	0	2	2
P26637	6	2	4	6
Q3U0X8	7	2	5	7
P68639	6	3	3	6
Q8BGN8	3	2	1	3
P83853	3	0	3	3
Q91X17	77	21	56	66
P0C145	6	2	4	6
Q07468	18	9	9	15
Q5R5C1	8	2	6	8
P0A2M5	7	5	2	7
P13051	13	5	8	12
Q883F1	4	2	2	4
Q54NW7	15	0	15	13
Q9LTT9	6	2	4	6
P27590	78	21	57	66
Q86AQ7	14	1	13	14
Q5BB99	6	5	1	6
P0DN44	2	1	1	2
C7ZPG2	5	4	1	5
Q8K1B8	12	5	7	12
Q3SZP8	20	2	18	19
O75528	30	9	21	25
Q0DLD3	6	5	1	6
Q2NHG8	5	2	3	5
O64642	12	5	7	10
Q8XGY4	3	2	1	3
Q63666	14	6	8	13
O68557	3	2	1	3
Q64TY9	2	1	1	2
P70985	4	2	2	4
Q5HE34	1	0	1	1
Q5UPT2	2	0	2	2
P0DG42	6	2	4	6
Q50973	2	2	0	2
P97931	13	4	9	11
P63027	53	16	37	39
Q45488	4	3	1	4
Q6F2U9	5	2	3	5
P63045	60	18	42	45
P47193	6	1	5	6
P09713	3	0	3	3
Q2KJD2	16	5	11	14
P06485	2	2	0	2
P13292	4	4	0	4
P9WFQ9	4	1	3	4
P21796	26	10	16	22
Q15836	35	9	26	29
Q08097	8	4	4	8
Q4R8T0	10	2	8	9
Q9JZA1	3	1	2	3
P63024	33	9	24	25
Q60932	34	12	22	28
Q9U5W9	8	3	5	7
Q6K548	4	1	3	4
P09712	4	1	3	4
Q32L97	8	3	5	8
Q8Z068	5	2	3	5
Q9ZTS1	6	2	4	5
Q9TT15	11	2	9	10
Q9V270	6	2	4	6
Q8K0H5	48	20	28	38
P56428	8	3	5	7
O70480	17	7	10	17
P09251	9	5	4	9
Q9Z2L0	34	10	24	28
Q2KHY2	6	0	6	6
P14334	3	0	3	3
P09727	4	3	1	4
Q6SVZ5	3	2	1	3
Q8UZK5	3	1	2	3
Q8GYL3	5	2	3	5
Q9MZ15	12	6	6	11
P93394	6	4	2	6
F5HE44	2	0	2	2
Q9BV40	36	13	23	32
O65278	3	1	2	3
O74834	6	2	4	6
Q26998	3	3	0	3
Q8RWN0	7	5	2	7
P81155	20	9	11	18
O70404	45	16	29	37
Q9MZ13	7	1	6	6
Q28029	5	1	4	5
Q23238	6	2	4	6
Q12063	10	3	7	10
Q23680	4	2	2	4
P25051	9	2	7	9
Q9J5J0	1	0	1	1
Q8ZH61	9	3	6	9
O13769	5	2	3	5
P12609	4	2	2	4
Q667J4	5	2	3	5
Q9Y277	11	3	8	10
P40537	8	4	4	7
Q55AH5	4	2	2	3
O24840	4	1	3	4
Q09275	13	6	7	13
P18562	5	3	2	4
Q9J5I0	3	1	2	3
Q60931	15	6	9	13
Q08562	15	6	9	14
Q8GZA8	8	1	7	7
Q16864	19	6	13	13
Q8S8I2	3	0	3	3
Q9J5G3	2	2	0	2
Q6MX39	5	0	5	5
Q8TAA9	5	1	4	5
P21973	2	1	1	2
P0A8G3	3	3	0	3
P21972	3	2	1	3
Q9R1Z0	14	5	9	12
Q80Z96	4	1	3	4
Q57671	5	4	1	5
Q6TVP7	3	3	0	3
Q9J5C7	1	0	1	1
Q9FKM2	9	2	7	9
B4YNF0	5	2	3	5
Q03010	15	3	12	13
Q8UVJ6	41	14	27	36
Q59MD2	5	0	5	5
P07716	1	0	1	1
Q9ULK5	12	6	6	12
B4YNF3	3	1	2	3
Q83950	7	3	4	7
Q10S27	5	1	4	5
O67914	6	5	1	6
Q9FHQ9	2	1	1	2
P39001	21	7	14	16
Q9D1K2	4	1	3	4
Q91ZD4	60	33	27	55
Q21752	7	2	5	7
A1DH48	2	1	1	2
P42849	2	0	2	2
Q16KE2	3	3	0	3
Q9M336	11	7	4	10
Q9Y756	3	1	2	3
P83781	7	1	6	6
P84889	55	30	25	50
O74416	4	0	4	4
P19425	4	3	1	4
Q01501	9	1	8	8
Q4VBG5	31	13	18	31
P82945	4	1	3	4
Q16G12	1	1	0	1
P38293	6	1	5	6
Q47748	4	0	4	4
Q9ZUX4	9	4	5	8
P9WFC5	9	3	6	8
A0A1X9QDU4	5	0	5	5
O43046	7	2	5	6
P74945	3	1	2	3
Q94920	13	6	7	12
Q9XAK7	9	2	7	9
P42057	7	1	6	7
Q9FDA3	2	1	1	2
Q9LDN2	6	4	2	4
Q47744	6	0	6	6
P42054	5	1	4	5
Q06239	6	0	6	6
Q9J535	1	0	1	1
P74946	4	0	4	4
Q9P544	6	1	5	6
P0DO22	7	1	6	7
Q42586	7	5	2	5
O95670	6	2	4	6
P0A0Q7	5	1	4	5
Q5TM18	8	5	3	8
Q9EQ47	5	0	5	5
Q8VZ95	10	3	7	10
B2D0J4	4	1	3	4
Q8VIC7	4	0	4	4
Q9WTT4	6	4	2	6
Q07943	1	1	0	1
Q1XHY9	4	2	2	4
Q9SHC8	8	1	7	8
G5EFJ9	10	0	10	8
O82703	2	1	1	2
Q9PTN2	18	6	12	16
Q84WW5	6	1	5	6
P23678	50	21	29	43
Q9SZH0	3	1	2	3
Q1L673	12	4	8	12
Q9SYC9	7	3	4	7
Q06155	5	0	5	5
Q09274	9	0	9	7
Q28037	9	2	7	9
Q96LB4	5	2	3	5
Q9LVU1	7	1	6	7
Q9WYS1	2	0	2	2
Q18685	24	8	16	22
O42392	12	3	9	12
Q8BMC1	7	2	5	6
P0DJX2	2	2	0	2
B9DHD7	7	1	6	7
P49701	6	2	4	6
Q9VZI3	8	2	6	7
O82213	4	1	3	4
Q17297	5	2	3	5
Q617N0	4	1	3	4
Q8VZC0	7	3	4	7
Q1ECE0	6	1	5	6
Q10658	15	3	12	15
P91303	7	1	6	6
Q6GMI9	14	6	8	13
Q54Z13	5	2	3	5
G5EBY8	14	8	6	12
Q8NBZ7	11	5	6	10
Q9XZH6	6	4	2	6
Q25532	3	2	1	3
Q0VCY1	9	1	8	9
Q91XL3	12	5	7	11
P78713	3	1	2	3
Q18694	16	3	13	12
Q57475	1	0	1	1
P11473	39	16	23	35
Q5R885	6	3	3	6
Q5ZIJ8	4	1	3	4
O74174	7	2	5	7
Q5PQX0	11	4	7	10
Q9UPW8	25	13	12	24
Q6DF08	12	5	7	12
P48836	12	5	7	10
P48281	54	23	31	46
E9Q6I0	5	0	5	4
Q9P0L0	30	10	20	29
Q9J524	2	1	1	2
Q9LZI2	16	8	8	15
Q4KUS2	50	18	32	41
Q9FIE8	5	3	2	5
Q9J516	1	0	1	1
A1T2Z5	4	3	1	4
B5E3Y2	8	2	6	8
P44594	7	3	4	7
B4RDI3	4	2	2	4
P79779	9	2	7	9
P79742	11	4	7	11
Q9BXT4	13	4	9	12
Q5R601	9	0	9	9
B9KAI3	5	2	3	5
Q8JIS6	12	3	9	11
C4K8M3	4	2	2	4
Q8MML6	5	2	3	5
Q9Z270	28	9	19	26
Q99MV1	14	4	10	13
A8AKT3	3	2	1	3
Q2R237	3	2	1	3
Q55894	6	2	4	6
P56158	3	0	3	3
Q8NAT2	8	5	3	7
Q9X220	9	4	5	9
P03934	5	0	5	5
Q7UPP0	5	4	1	5
O32037	4	3	1	4
Q4JF29	18	5	13	18
Q6ES52	3	1	2	3
B9IW43	2	1	1	2
Q8BFZ1	5	1	4	4
B1XF11	9	3	6	9
P09838	11	3	8	10
Q8FTH7	5	4	1	5
Q05739	1	0	1	1
Q2KI09	5	1	4	5
Q92089	8	2	6	7
P45359	2	1	1	2
D2CVN6	5	1	4	5
Q8YA44	5	3	2	5
Q8SS85	2	0	2	2
Q2G124	3	1	2	3
Q54KN7	3	1	2	2
O24677	2	0	2	2
B1B5I8	5	3	2	5
Q54YG9	5	1	4	5
G1TGF1	8	5	3	8
J3SBP9	4	1	3	4
Q4R9N3	6	1	5	6
Q9WTS5	30	8	22	25
P15806	57	15	42	42
P40904	7	1	6	7
Q8L7A0	3	1	2	3
P62340	11	7	4	10
Q863J2	5	2	3	5
O60347	5	2	3	5
M1W424	4	0	4	4
Q7A4F3	3	2	1	3
Q0VZ68	4	2	2	3
Q5LN53	4	2	2	4
P0CG35	7	2	5	6
O07776	7	1	6	7
A1XD94	13	3	10	12
Q9K0U9	5	2	3	5
P48511	3	0	3	3
Q60HC2	12	3	9	12
Q76632	4	3	1	4
Q12308	6	3	3	5
Q5JI69	8	4	4	7
Q9LC45	3	1	2	3
Q7KQL5	7	1	6	7
D0ZE10	4	3	1	4
P40227	18	11	7	17
Q09057	2	1	1	2
Q14AM7	1	0	1	1
Q13569	35	10	25	28
P26357	5	1	4	4
Q58187	3	1	2	3
Q7VKP2	8	6	2	8
Q8XAZ2	3	1	2	3
Q3V7Z9	5	2	3	5
P35202	6	4	2	6
Q9MYZ3	11	4	7	10
P03410	8	5	3	8
A8NSD1	6	1	5	6
A6UW55	3	1	2	3
P41714	1	1	0	1
P33009	2	0	2	2
Q979Q3	4	1	3	4
P22593	3	1	2	3
Q98867	15	3	12	11
P33010	2	0	2	2
G8H5M7	4	1	3	3
Q0P6H9	2	0	2	2
P9WLV7	1	0	1	1
Q9HH00	2	1	1	2
Q14HD0	2	0	2	2
B3Y615	44	24	20	42
Q6IWL4	20	5	15	18
O60507	10	5	5	8
Q9UKU6	13	2	11	12
Q00186	2	0	2	2
Q53AQ4	6	2	4	6
Q7A1T6	5	2	3	5
B9RXW4	3	1	2	3
Q8BKV0	7	3	4	7
Q6AB49	4	1	3	4
Q75F72	5	3	2	5
Q4R3C7	4	2	2	4
Q2TBI4	8	5	3	8
Q8K9F2	1	0	1	1
O95150	12	3	9	10
Q0IAV3	4	2	2	4
Q3BCR6	3	1	2	3
P0DH16	5	1	4	5
Q6CXL4	2	0	2	2
O42893	8	3	5	8
Q3AF97	6	1	5	6
Q9UK28	3	1	2	2
Q7TNI2	3	2	1	3
Q9ET30	3	0	3	3
Q6CM57	6	4	2	6
Q5FVF4	5	0	5	5
Q8NRG3	1	1	0	1
Q0TBT4	4	1	3	4
A8Y3V5	5	4	1	5
Q9NP99	12	3	9	12
P9WKH8	4	0	4	4
Q7PIR5	5	0	5	5
Q61Z83	7	2	5	7
Q5E4I0	3	0	3	3
Q9LVP7	6	1	5	6
B8E2R2	6	3	3	6
B5F8G1	2	0	2	2
P62257	9	4	5	6
P63283	19	7	12	18
Q9FN26	1	0	1	1
Q5HUW5	1	1	0	1
P0CG64	8	4	4	8
Q1JPX4	10	3	7	9
C3K8U2	6	1	5	6
Q2RMZ4	3	1	2	3
A0K5L4	5	2	3	5
P39547	5	2	3	5
P60272	3	1	2	3
Q9XWG3	8	2	6	8
P0A890	6	2	4	6
B1KRQ8	3	1	2	3
A6UFF7	9	6	3	9
O82081	4	0	4	3
Q9GL21	6	1	5	6
Q9L6M5	2	1	1	2
Q8EJG1	7	1	6	6
B5BKK5	3	2	1	3
A8A5S8	3	1	2	3
A1W307	6	3	3	6
Q57GJ4	3	2	1	3
B5F1Q2	4	1	3	4
B3PI23	4	1	3	4
P0DQA4	3	1	2	3
Q9USG9	9	2	7	9
Q39KB9	5	3	2	5
B7N1C5	2	0	2	2
P0C8G5	4	4	0	4
Q9FMM0	4	2	2	4
Q5C8U1	14	2	12	14
P0CG55	2	0	2	2
B9ENM6	6	2	4	5
P39040	4	2	2	4
Q7SXF2	5	1	4	5
Q9W5A5	6	2	4	5
Q75WH3	4	1	3	4
Q57KB6	5	2	3	5
P35503	18	8	10	17
B7HEF6	2	2	0	2
Q2YKR6	4	0	4	4
Q9BXU7	8	3	5	8
A4F4L0	15	8	7	15
Q89WD0	10	6	4	9
A0A0A6YYG2	4	0	4	4
Q9M9E7	3	2	1	3
A7ZV62	4	0	4	4
Q8H8N3	5	4	1	5
Q7VMZ9	1	0	1	1
Q1EC66	11	2	9	10
Q9D9M2	9	2	7	8
P0DPU6	5	3	2	5
E9Q9U0	8	1	7	8
A8XHX1	1	0	1	1
O26654	4	3	1	4
K4D422	3	0	3	3
Q09JK2	1	0	1	1
Q5R407	4	1	3	4
P61088	35	10	25	28
Q62302	6	4	2	6
B9FXT3	7	2	5	7
B2AMJ3	2	1	1	2
Q8C1R0	9	3	6	9
Q9H313	19	5	14	18
O60079	7	2	5	7
Q3Z194	7	3	4	7
Q8BGB2	6	0	6	6
Q5JXB2	4	2	2	4
Q9C7W7	12	3	9	11
Q88168	1	0	1	1
Q3YWQ7	3	0	3	3
A0A2P1GIW3	5	0	5	5
Q8WN57	9	4	5	8
Q9D030	28	8	20	23
P74861	8	4	4	7
Q8CC21	4	3	1	4
Q1H9T6	11	1	10	10
Q89AA8	3	0	3	3
P55033	12	5	7	12
Q9ZIB7	5	1	4	5
P12656	4	1	3	4
Q9D384	6	1	5	6
Q9UUA9	3	1	2	3
O60637	2	1	1	2
Q19329	7	5	2	7
Q7ZWN9	4	0	4	4
Q9GZX9	20	7	13	18
Q6P3V7	1	0	1	1
Q057E0	3	1	2	3
B0BM39	1	0	1	1
Q9MAH1	6	1	5	5
P79769	7	0	7	7
Q15361	10	3	7	9
P20049	6	3	3	5
Q5EA11	6	2	4	6
A6H739	4	2	2	4
Q7YZT0	1	0	1	1
Q8JHW2	7	2	5	7
B1JX26	5	2	3	5
Q93PJ5	5	4	1	5
A0A0B4J249	3	0	3	3
Q4ZN07	3	3	0	3
Q8JGW0	12	5	7	11
P32610	13	5	8	10
C1D6H8	4	1	3	4
O42896	5	0	5	5
P82033	2	0	2	2
Q9FIH5	8	2	6	6
Q96WL3	5	1	4	5
Q0II50	8	3	5	6
Q39258	15	4	11	13
Q2JKD4	5	0	5	5
P37767	5	0	5	5
P38239	3	0	3	3
O34597	4	0	4	3
D4AUV1	3	2	1	3
Q6YFE5	6	3	3	6
Q976K2	2	1	1	2
Q43675	1	1	0	1
Q9U1G5	2	1	1	2
Q54LT2	5	2	3	5
P20153	37	11	26	29
A0A063C1W0	1	0	1	1
P82324	1	0	1	1
Q6PBU7	10	6	4	10
P35456	25	6	19	23
Q04006	6	4	2	6
Q9P7X9	6	2	4	6
Q07957	3	0	3	3
P53146	9	3	6	9
Q14146	5	4	1	5
P04670	5	3	2	5
P17559	25	9	16	23
Q08098	7	5	2	7
Q8N6Y0	1	1	0	1
Q662R9	3	3	0	3
P32386	12	3	9	10
Q9Y7V1	1	0	1	1
Q12151	10	2	8	9
P0CF01	2	0	2	2
O60120	3	0	3	3
Q57GJ9	3	1	2	3
P32861	11	4	7	9
P57288	6	4	2	6
O94525	9	2	7	8
C0HKD0	3	1	2	3
Q9ER18	16	3	13	16
Q4LCS8	4	2	2	3
Q09879	12	3	9	10
Q74R28	6	5	1	6
P0ABU2	9	4	5	9
Q9P5N4	4	0	4	4
Q23247	3	0	3	3
P0ADT7	3	1	2	3
Q10494	6	0	6	6
P44681	7	4	3	7
P9WIT5	4	1	3	4
Q10495	3	0	3	3
Q9UUB8	7	4	3	6
O94670	4	2	2	4
P77804	3	1	2	3
Q9UTE4	9	3	6	8
Q18347	5	2	3	5
Q7Z9I0	8	3	5	5
Q10207	2	0	2	2
P24197	6	3	3	6
P38750	7	2	5	7
O34348	4	1	3	4
P0AB49	3	3	0	3
P21574	5	0	5	5
O07598	2	0	2	2
O34933	3	0	3	3
P45441	4	0	4	4
P0ACX0	2	0	2	2
Q9UTE1	6	3	3	6
P11864	1	0	1	1
Q9UUA8	4	1	3	4
P39834	2	0	2	2
Q10201	9	5	4	9
O34510	4	1	3	4
P37872	2	0	2	2
P96703	1	0	1	1
P54425	4	0	4	4
P0ADT8	2	0	2	2
O34812	3	0	3	3
P54427	6	1	5	6
Q5ZIF5	6	1	5	6
Q9WWZ9	3	0	3	3
Q88N31	4	0	4	4
Q8C0S4	6	4	2	6
Q10200	5	2	3	5
O34512	1	1	0	1
P96707	1	0	1	1
P0ADU2	4	0	4	3
Q10196	6	1	5	6
P96708	3	0	3	3
Q7Z4L5	21	7	14	20
P77376	2	0	2	2
P0A8Z2	1	0	1	1
B7HYS8	2	0	2	2
Q96VH2	6	4	2	6
O06483	1	0	1	1
P34220	6	1	5	6
A1TRC8	2	0	2	2
Q46866	1	0	1	1
Q96VH3	2	1	1	2
P0ACR3	2	0	2	2
Q81H06	3	0	3	3
O06485	1	0	1	1
Q63EZ0	2	0	2	2
P0ACR2	3	0	3	3
O31443	3	0	3	3
P82050	2	0	2	2
P0ADU5	4	3	1	4
O05494	2	0	2	2
D8JBB8	5	2	3	5
Q9SJM7	11	7	4	9
O14263	1	1	0	1
P97689	9	2	7	7
A6NGE7	6	2	4	5
Q2V2Q2	4	2	2	4
C5MK33	4	2	2	4
O14267	4	0	4	4
Q48450	5	0	5	5
O05496	4	0	4	4
Q48452	7	2	5	7
P48412	11	3	8	10
Q3E830	6	2	4	6
P0AAU8	1	0	1	1
P76187	2	0	2	2
C0SP99	7	1	6	7
P0AAU7	2	0	2	2
P42592	7	1	6	6
Q92360	4	3	1	4
Q9UT50	3	3	0	3
P20925	2	1	1	2
Q92361	7	1	6	7
P75736	3	0	3	3
P87237	4	0	4	4
Q9UT43	8	5	3	8
P42626	4	1	3	3
Q1K9B6	4	0	4	4
O05502	2	2	0	2
O74830	6	2	4	6
P39901	3	0	3	3
P76185	2	0	2	2
P53144	6	2	4	6
Q06676	13	3	10	10
P37263	5	1	4	5
C1KXH5	1	0	1	1
O31452	2	1	1	2
Q9UUG2	5	1	4	5
P75741	3	1	2	3
P76186	4	0	4	4
Q04729	2	0	2	2
O94322	5	3	2	5
Q9VH95	9	4	5	9
Q48445	3	0	3	3
Q9P7Q5	4	3	1	3
O31455	2	0	2	2
Q12222	11	4	7	9
Q9HDW5	4	1	3	4
O80813	3	2	1	3
O94323	5	0	5	5
P75737	1	0	1	1
Q9UT25	3	2	1	3
P25383	4	2	2	4
Q9UT22	4	2	2	4
P53139	2	0	2	2
Q9P6I8	5	1	4	5
Q9UT21	6	2	4	6
Q9P6I6	4	1	3	4
Q8WZY3	2	1	1	2
P25384	16	5	11	14
Q9UT20	6	1	5	5
Q8ZLW5	2	1	1	2
Q9P6I4	5	3	2	5
O81916	4	0	4	4
Q9Y7J8	10	2	8	9
Q9US40	3	0	3	3
Q9P6I3	7	3	4	7
P19434	1	1	0	1
Q9US39	7	2	5	7
Q18449	3	1	2	3
Q9US38	3	0	3	3
P0A8Z5	3	0	3	3
P25278	1	1	0	1
P77409	6	1	5	6
Q9US37	7	0	7	5
O14065	7	2	5	7
Q9US34	4	2	2	4
P76192	6	2	4	5
O07522	4	0	4	4
P0A8Z3	4	0	4	3
Q9Y7K1	7	1	6	7
P44679	1	0	1	1
P46837	6	1	5	6
Q9URX4	6	0	6	5
Q9ZLX8	2	0	2	2
Q51062	2	0	2	2
P53134	6	1	5	5
P77375	3	2	1	3
P94842	2	0	2	2
O07533	3	0	3	3
P32815	5	1	4	5
Q51152	5	1	4	5
P64595	3	1	2	3
Q7NPH6	4	1	3	4
P64594	10	2	8	7
Q92342	4	0	4	4
O07539	3	1	2	3
P30540	3	0	3	3
A7ZMF7	7	5	2	7
Q9USV2	5	1	4	4
P23159	1	0	1	1
O31462	4	0	4	4
P38745	5	0	5	5
P75748	2	0	2	2
P32792	2	2	0	2
O42953	4	0	4	4
P75749	4	1	3	3
O42965	6	3	3	6
O94369	1	0	1	1
P75750	4	1	3	4
Q7Z995	3	1	2	3
Q9USU7	6	3	3	6
Q55911	2	0	2	2
P72583	1	0	1	1
O94370	5	3	2	4
O74797	3	0	3	3
P0AGH1	4	0	4	4
P74126	1	0	1	1
P0AGH2	2	0	2	2
P53122	1	1	0	1
O94372	5	3	2	5
O94712	8	3	5	8
P78920	7	0	7	7
O94728	6	2	4	6
O59712	8	0	8	6
P0ADI9	4	2	2	4
O31592	3	0	3	3
O74809	3	2	1	3
O94729	6	3	3	6
P73056	3	2	1	3
O94473	5	1	4	5
Q8X6P4	2	0	2	2
P53120	2	0	2	2
Q1MTS0	5	3	2	5
P45470	13	2	11	12
P37621	3	0	3	3
P0A6D5	8	5	3	8
O94490	8	0	8	8
P21829	7	3	4	6
O94491	9	1	8	7
O59719	8	5	3	8
O94492	5	3	2	5
P38616	2	0	2	2
O94493	3	0	3	3
P46130	5	2	3	4
P52696	4	0	4	4
P0AGM0	3	0	3	3
P0A9U1	9	6	3	9
O94593	2	0	2	2
P58116	2	1	1	2
Q9L9D4	1	0	1	1
Q9P7W7	5	2	3	5
P81318	3	0	3	3
P46853	3	0	3	3
O94599	5	1	4	4
Q9UUC2	6	2	4	6
P38708	6	3	3	6
O94601	4	1	3	4
Q9Y7Y3	4	2	2	4
O01735	4	1	3	4
P9WML3	2	0	2	2
Q9Y7Y0	8	3	5	7
O94589	5	2	3	5
P9WML1	2	0	2	2
O94694	3	1	2	3
P75777	3	0	3	3
P38763	5	3	2	5
Q09887	3	1	2	3
O13619	7	2	5	6
Q9Y7X7	4	0	4	4
Q09889	14	4	10	11
P30791	2	0	2	2
O94695	9	3	6	9
Q9Y7X4	3	1	2	3
P53210	3	1	2	3
P25565	3	0	3	3
P38765	5	0	5	5
O05519	2	1	1	2
P21367	5	0	5	5
P78763	7	3	4	7
P58557	5	0	5	5
Q8X5X6	4	2	2	4
O94386	11	6	5	10
P37627	1	1	0	1
P0AAV9	1	0	1	1
Q1XDU5	2	1	1	2
O19887	1	1	0	1
O43062	9	1	8	8
O05525	4	1	3	4
O43033	6	2	4	5
O43034	3	2	1	3
P75764	6	2	4	6
P64382	5	2	3	4
P0C2J2	2	0	2	2
O19916	2	0	2	2
P0AAC4	3	0	3	2
Q12337	13	3	10	13
Q1XD94	2	0	2	2
P95937	3	1	2	3
Q9P3U9	5	2	3	5
P03018	21	6	15	17
A7ETU4	6	2	4	6
P29533	38	20	18	35
Q02322	9	2	7	9
P0C310	2	1	1	1
P43674	6	0	6	4
P77337	2	1	1	2
Q28487	2	0	2	2
P53265	3	0	3	3
Q48258	6	2	4	6
O31990	5	3	2	5
Q9M358	4	1	3	4
P30177	5	2	3	5
B4TRM3	4	0	4	4
Q8YS98	2	2	0	2
A1XFV6	2	2	0	2
Q04408	3	1	2	3
Q9P7R8	11	3	8	11
Q9P7R6	6	2	4	5
Q9HGM6	12	5	7	9
P0C517	3	2	1	3
P38864	1	1	0	1
P9WEV0	6	2	4	6
H2K887	4	0	4	4
B0YPM6	4	0	4	4
P96608	2	0	2	2
P42604	3	3	0	3
A8W3D3	4	1	3	4
Q1XDE5	3	1	2	3
Q10435	5	0	5	5
Q12489	4	2	2	4
Q10436	4	1	3	4
P48359	4	1	3	4
O78417	4	1	3	4
Q10442	5	3	2	5
O13874	6	5	1	6
P96658	1	0	1	1
P54608	3	0	3	3
Q10443	6	5	1	6
Q8S8V2	3	3	0	3
P96659	1	1	0	1
Q12185	7	2	5	7
O07527	4	2	2	4
O13875	3	0	3	2
O07528	4	0	4	4
P90850	3	1	2	3
Q10446	7	3	4	7
Q9P6J9	5	0	5	5
O13879	7	1	6	5
P96662	3	0	3	3
Q9P6J8	6	3	3	6
P31126	6	0	6	5
Q9P6J7	5	0	5	5
Q9ZJJ0	1	0	1	1
P96669	5	1	4	5
A8W3G3	3	2	1	3
Q07379	2	0	2	2
P76134	5	1	4	5
P32033	3	2	1	3
O13968	10	2	8	8
P28638	5	1	4	4
Q12298	2	2	0	2
P77318	3	2	1	3
O14171	10	2	8	8
O14173	5	1	4	5
Q07454	3	2	1	3
P76135	4	0	4	4
Q9ZJG0	3	0	3	3
O14252	7	0	7	7
P38966	9	6	3	8
Q8XAX1	4	4	0	4
P77561	5	4	1	5
P96674	4	1	3	4
O07592	4	1	3	4
O14158	2	1	1	2
P58068	2	0	2	2
Q12103	3	1	2	3
P45766	5	1	4	5
Q07530	1	0	1	1
O14162	5	1	4	4
P45767	6	1	5	5
Q9MUP8	5	4	1	5
Q7DBJ9	3	1	2	3
O14301	10	3	7	10
P76137	3	1	2	3
P45768	7	1	6	6
P77286	1	0	1	1
P45769	5	2	3	5
O14303	1	0	1	1
P96678	4	0	4	3
Q9HDV2	4	0	4	4
O14304	6	2	4	6
B0Z4R9	2	2	0	2
Q10483	4	0	4	4
O14306	8	4	4	8
Q9HDV0	6	0	6	6
P96681	6	1	5	6
Q9HDU9	6	0	6	5
O13767	3	0	3	3
P29010	1	0	1	1
Q9HDU8	4	0	4	4
P96682	1	1	0	1
Q03899	6	1	5	5
O13770	10	4	6	10
Q10485	4	1	3	4
Q03900	4	1	3	4
O13771	5	0	5	5
P96683	7	2	5	7
P96684	1	0	1	1
Q00974	4	1	3	4
Q9HDU4	5	1	4	5
Q8X505	1	1	0	1
O07544	4	2	2	4
O74750	9	3	6	8
Q07589	3	0	3	3
O07545	3	1	2	3
P40004	10	3	7	8
P39831	7	4	3	7
P39953	6	4	2	5
P69936	3	1	2	3
O14073	6	2	4	6
P0CU11	4	0	4	4
Q10237	12	3	9	11
P96685	5	2	3	5
O07549	8	1	7	7
Q9HDU0	4	1	3	4
O14075	7	3	4	7
O07550	7	1	6	6
P77260	2	0	2	2
O14076	8	1	7	7
P94474	2	2	0	2
P77228	4	0	4	4
O07596	4	0	4	4
P76154	1	0	1	1
P39173	6	1	5	6
P96695	1	1	0	1
Q8ZPV9	4	1	3	4
Q12027	1	1	0	1
O14078	5	4	1	5
Q12257	1	0	1	1
P76234	2	0	2	2
P45524	7	4	3	5
Q03983	3	3	0	3
O14080	5	1	4	5
P0ACY5	1	0	1	1
Q12301	3	2	1	3
P0ACY3	2	0	2	2
P48569	3	1	2	3
Q12121	3	1	2	3
P38721	5	1	4	5
O74751	11	3	8	11
O14082	3	0	3	3
O07603	3	0	3	3
P64484	1	0	1	1
P64483	3	2	1	2
O07607	2	1	1	2
Q10250	5	2	3	5
O07609	1	0	1	1
P40769	3	1	2	3
O07614	2	0	2	1
O07615	2	0	2	2
C0SP94	3	1	2	3
O07618	3	1	2	3
P45545	3	1	2	3
Q3E6R4	3	0	3	3
O07619	3	1	2	3
O07622	5	1	4	5
P45549	5	2	3	5
Q10255	2	0	2	2
Q10260	2	0	2	2
P25279	2	1	1	2
Q06640	4	1	3	4
Q05497	6	1	5	5
Q6Q5X2	3	1	2	3
Q3E6R5	6	6	0	6
Q04162	7	2	5	5
Q10273	2	1	1	2
Q10275	6	2	4	6
A0KMY0	3	0	3	3
Q9Y7S5	5	1	4	5
Q8GZ43	3	0	3	3
Q09299	3	1	2	3
Q19683	5	2	3	5
Q09531	4	2	2	4
P0DUS2	3	1	2	3
P82292	2	1	1	2
Q17405	7	1	6	7
Q8SWF6	1	0	1	1
D4GWB3	3	2	1	3
Q09554	3	0	3	3
P0CT29	4	2	2	4
P0A0N2	1	0	1	1
Q17439	2	2	0	2
P0CH66	2	1	1	2
Q09556	2	1	1	2
Q09449	7	1	6	7
O05407	6	0	6	6
P59817	5	0	5	5
Q09557	1	0	1	1
Q8YDY8	1	0	1	1
P64596	4	2	2	4
Q09452	3	0	3	3
Q9ZNK0	3	0	3	3
Q10427	6	2	4	6
P45469	2	0	2	2
P19672	4	0	4	4
P76173	7	3	4	6
O74422	5	2	3	5
Q9JMT5	1	0	1	1
P53107	5	1	4	4
P77559	4	0	4	4
P94447	3	0	3	3
Q09320	3	0	3	3
O32060	3	1	2	3
Q9Y7P8	4	0	4	4
Q9Y7P9	5	2	3	5
O05389	3	0	3	3
Q9JMS5	2	0	2	2
O32052	2	0	2	2
Q76PC4	5	0	5	5
Q76PC3	5	2	3	5
P45394	6	1	5	6
Q08465	11	3	8	9
O94578	3	3	0	3
Q757W2	11	0	11	11
O94585	7	2	5	7
Q5AHB8	15	0	15	13
Q9HBT8	5	0	5	5
Q6FSB1	9	0	9	9
P76193	7	1	6	6
P45908	2	0	2	2
Q86Y25	6	1	5	6
P46041	1	1	0	1
Q5UPF4	4	1	3	4
P45910	3	1	2	3
P45911	3	1	2	3
Q5UPI0	4	0	4	4
P53932	3	0	3	3
Q5UPL2	5	0	5	5
P34550	1	1	0	1
P0CX20	7	2	5	7
P46340	3	0	3	3
P76223	3	1	2	3
Q5UPL9	1	0	1	1
P76224	4	1	3	3
P76909	4	2	2	4
Q96PM9	24	10	14	23
Q9FVQ0	5	1	4	5
P78067	4	2	2	3
P54491	4	3	1	4
P76226	4	0	4	4
Q9LPL3	6	2	4	6
P0CX22	6	2	4	5
Q66K41	3	0	3	3
P53925	5	2	3	5
P64636	9	5	4	9
A6ZRW2	4	2	2	4
P64637	2	0	2	2
O74463	4	0	4	4
Q09341	2	0	2	2
P53921	6	5	1	5
Q5UPU2	1	1	0	1
O74466	4	1	3	4
Q03605	2	0	2	2
Q9LFM5	10	4	6	10
Q44557	2	1	1	2
Q9H6B1	3	0	3	3
P53912	4	1	3	4
O74469	17	6	11	15
P09087	32	16	16	26
Q14RS2	2	1	1	2
A8AYV4	6	3	3	6
B7LR95	5	3	2	5
Q09J78	5	3	2	5
A5D6U8	3	0	3	3
P49579	4	2	2	4
Q06931	6	1	5	6
P09483	48	9	39	36
P18597	10	3	7	10
B4TBN5	7	3	4	7
B2K848	4	2	2	4
P15856	3	0	3	3
P96886	5	2	3	5
O93122	5	2	3	5
A7ZX55	2	1	1	2
P30926	30	8	22	23
A1CN18	4	2	2	4
Q8WP22	3	0	3	3
E9RBR0	6	2	4	4
Q3ZBN0	1	0	1	1
Q8R420	37	12	25	27
C0JAT9	7	2	5	7
A7ZTV0	4	1	3	4
P02716	24	4	20	17
Q4R2Y9	17	7	10	17
Q08507	4	2	2	4
Q06588	11	2	9	11
Q8T6J5	8	2	6	7
P77357	6	3	3	6
Q12979	12	4	8	12
Q9LS99	4	0	4	4
Q8WWZ7	22	7	15	19
P24157	6	2	4	6
E9PU17	9	1	8	8
Q5BDV3	7	2	5	5
B2KEX2	5	3	2	5
Q06076	5	2	3	5
Q6UWZ7	17	4	13	14
Q54RU1	5	1	4	4
Q9LM69	8	0	8	8
Q00361	4	2	2	4
Q9UKV3	17	5	12	16
P52505	12	8	4	11
Q3T0A0	7	3	4	5
P31238	5	2	3	5
Q5EE05	12	5	7	11
Q5XIU1	3	1	2	3
Q9KDS9	6	4	2	6
Q62388	86	27	59	68
Q720R2	8	5	3	8
A8A441	2	1	1	2
A0A498KJ69	4	1	3	3
Q9JJ59	20	6	14	15
Q5ZJL8	5	2	3	5
Q8Y6V0	6	3	3	6
O04983	7	5	2	7
Q9BV23	22	7	15	20
Q61102	16	7	9	12
O29057	3	2	1	3
Q9JYM1	6	3	3	6
O69475	2	1	1	2
P67603	4	1	3	4
A5UNI4	4	0	4	4
Q8EFP8	3	1	2	3
Q6DGG1	7	2	5	7
A4QJC4	8	4	4	8
Q6LLD4	6	3	3	6
Q975U5	3	0	3	3
B7JLE6	4	2	2	4
Q8TJC6	11	6	5	10
Q8LTE1	2	0	2	2
Q8P8J5	4	3	1	4
Q49161	7	5	2	7
Q6QGT3	2	1	1	2
Q88891	2	1	1	2
A0NXQ7	1	1	0	1
Q9N291	5	2	3	4
P53755	4	1	3	4
Q6PAL0	14	7	7	14
Q9JI93	10	3	7	6
Q7G768	8	2	6	7
P20995	2	0	2	2
P44935	4	2	2	4
O74563	8	3	5	7
Q89489	2	1	1	2
C7J2Z1	4	0	4	4
Q2QMX9	8	3	5	7
Q7L4P6	3	0	3	3
Q28559	8	4	4	8
P35350	12	1	11	11
Q4R6Q3	7	2	5	7
Q9QY44	23	7	16	21
G8XHD5	4	3	1	4
Q8YM40	2	0	2	2
Q54W20	11	3	8	10
Q32KZ2	9	4	5	8
Q8ST87	6	1	5	5
A9VY56	4	3	1	4
Q0TM75	3	0	3	3
Q54J08	9	5	4	9
P0ABD5	11	3	8	10
Q2UPB1	4	1	3	4
P21057	2	1	1	2
Q9ZAA1	2	2	0	2
Q8HXY8	6	3	3	4
P53563	97	37	60	78
Q8GZ26	9	1	8	8
Q8N1M1	5	0	5	5
Q2UPC2	1	1	0	1
P16395	14	2	12	10
A0S864	5	2	3	5
Q91998	4	0	4	4
C0H3U9	2	0	2	2
Q8P980	3	1	2	3
P21063	3	0	3	3
Q8PGD0	3	3	0	3
P50544	22	7	15	17
P12657	27	4	23	21
E2DWQ7	2	0	2	2
Q8T6B4	5	2	3	5
P45457	5	3	2	5
A5WV69	6	0	6	6
Q5XG73	9	1	8	9
Q80W57	48	16	32	39
A2CKF6	4	2	2	4
Q9N2A7	13	2	11	11
Q41008	7	4	3	7
Q8K1M8	10	3	7	9
P42449	4	2	2	4
O35152	14	7	7	14
H9BZ66	6	2	4	6
Q96P26	7	1	6	7
Q9H0P0	12	3	9	12
A9KM56	4	0	4	4
O00400	9	2	7	8
B5F7F5	4	1	3	4
O31857	2	0	2	2
P08173	15	2	13	12
Q8T689	4	1	3	3
O15155	12	6	6	11
Q9K9R8	1	0	1	1
P20699	4	3	1	4
Q9C8D4	4	1	3	4
A5V6T7	3	1	2	3
P0CT06	6	4	2	6
Q2FYM4	8	3	5	8
O42384	8	1	7	7
Q91883	5	3	2	5
O46411	13	4	9	12
Q5ZKF6	5	1	4	5
Q6ZAC1	5	3	2	4
P56490	13	3	10	12
Q8BRK8	64	17	47	56
Q5FVE4	15	6	9	12
A6S694	3	2	1	3
Q3ZPN4	1	0	1	1
Q924N5	13	3	10	11
P63411	8	5	3	8
Q7SYN4	6	1	5	6
Q9SM23	22	4	18	20
Q5ZKR7	5	2	3	4
A1IHE6	3	1	2	3
P81624	3	0	3	3
P27486	4	2	2	4
Q6DKB0	11	4	7	10
Q5VRM0	4	0	4	4
Q9CIT4	8	2	6	8
A7F996	3	3	0	3
P0A1W9	3	0	3	3
P36149	14	7	7	13
Q8T8B9	8	2	6	7
O49545	15	2	13	15
P37821	5	2	3	5
Q89XR6	4	2	2	4
Q24157	17	11	6	15
Q9UT70	13	5	8	12
Q9MA55	8	0	8	8
Q9M2Z1	13	2	11	13
Q9I767	5	0	5	5
Q59K86	8	4	4	7
Q8I948	4	1	3	4
P70920	11	5	6	10
A6X798	6	4	2	6
Q6FDF9	4	3	1	4
P21588	21	5	16	19
A1TVC1	8	3	5	8
Q75LJ4	5	0	5	5
P44569	6	2	4	6
Q5U3F8	10	4	6	8
P0CM45	3	0	3	3
P15255	2	0	2	2
Q54S02	9	4	5	7
P0A937	7	2	5	7
P42281	5	2	3	4
Q9KQ30	7	2	5	7
Q12031	5	5	0	5
P27091	31	16	15	30
Q7SAN9	2	1	1	2
Q94KU1	5	2	3	5
O53166	16	6	10	15
Q9LSI9	9	1	8	9
Q7CPZ3	4	2	2	4
Q2UXF7	2	1	1	2
Q28H51	17	5	12	17
P12026	6	0	6	6
A0A0H3LKL4	3	2	1	3
Q5E9H2	4	1	3	4
G5EDN0	14	1	13	13
Q68VV0	9	5	4	8
Q9I061	4	2	2	4
Q9FWA3	9	5	4	9
Q9U358	16	2	14	14
Q5SMF6	10	5	5	9
Q9FYZ9	4	1	3	4
Q2R480	10	4	6	10
O40976	8	1	7	8
Q24739	4	1	3	4
B0R5G4	3	2	1	3
F4I7Y4	6	2	4	6
Q10RZ1	4	3	1	4
P9WPQ2	4	2	2	4
P96890	10	4	6	10
Q7XJT7	7	4	3	7
P36683	12	6	6	11
A7ZMH7	4	3	1	4
P30379	7	2	5	7
P74582	10	5	5	9
Q9C991	5	2	3	5
Q8NLB6	4	2	2	3
Q2T4M6	7	3	4	7
Q8NDB2	16	3	13	16
Q8X6C6	5	3	2	5
Q6NH62	3	1	2	3
Q80VH0	16	3	13	16
P80859	5	3	2	5
Q0VCW3	6	0	6	6
Q24039	7	2	5	7
Q54CX6	6	2	4	5
Q01108	3	0	3	3
B9FDE0	7	3	4	7
Q8DVR0	1	0	1	1
P17444	8	3	5	6
Q89AX5	4	2	2	4
Q13075	24	9	15	21
Q8N9N5	8	1	7	8
P86199	3	2	1	3
P06611	9	5	4	7
Q9BXK5	8	2	6	8
P51768	2	2	0	2
Q5FWL0	4	0	4	4
Q8ISS3	7	3	4	6
P51772	1	1	0	1
P32412	4	3	1	4
Q5R9U7	5	0	5	5
Q7N842	3	2	1	3
P63064	4	1	3	4
P86149	3	1	2	3
O15392	51	19	32	43
Q5R8H3	6	1	5	6
P84711	3	0	3	3
P19341	9	5	4	9
Q9NPJ3	11	5	6	10
Q6H2Y3	4	1	3	3
O88737	38	15	23	36
Q8MIS5	6	1	5	6
Q8ZAR7	12	4	8	12
Q95LF5	7	0	7	7
O00590	20	2	18	17
O97967	3	1	2	3
Q5R833	7	3	4	7
Q9DCD0	13	4	9	10
Q6FQG3	3	1	2	3
A0KLG5	7	6	1	7
O08707	20	2	18	17
D3ZML2	35	8	27	30
P21215	3	2	1	3
Q05349	1	0	1	1
Q42560	15	8	7	15
O60566	19	7	12	18
Q1BQE1	3	2	1	3
Q9SUV1	9	5	4	8
Q6DJ78	12	3	9	12
Q28647	4	1	3	4
F1T153	3	2	1	3
P21147	9	3	6	9
A9X6P9	1	1	0	1
Q8LG89	8	3	5	8
Q9Z1S0	19	7	12	18
P00303	5	2	3	5
F1T155	2	2	0	2
Q9D099	16	6	10	14
Q9LV81	4	1	3	4
Q6PD03	17	3	14	17
P31072	7	4	3	6
P0DUU5	3	0	3	3
Q87HG4	5	4	1	5
P61769	67	33	34	60
Q9VIL0	15	7	8	13
Q21776	26	10	16	24
Q92035	6	4	2	6
P93207	3	0	3	3
Q59695	2	2	0	2
Q15173	18	3	15	17
Q8LG70	6	2	4	6
Q8X5U4	2	2	0	2
Q9VLJ6	13	3	10	12
P12885	1	0	1	1
P38903	19	9	10	18
A2AHJ4	4	0	4	4
A4FV68	7	1	6	7
Q93HC3	1	1	0	1
Q01526	8	0	8	8
Q9FIN1	6	2	4	6
P07140	17	7	10	13
O62849	6	1	5	5
A2Z3C4	4	3	1	4
O42275	5	1	4	5
Q9SV41	4	1	3	4
Q84WW2	12	7	5	11
Q16537	8	1	7	7
A1TLE0	3	2	1	3
Q69NG5	5	3	2	5
O62763	8	2	6	7
Q492W6	3	2	1	3
Q3SZZ0	6	1	5	5
Q8KWT4	2	0	2	2
O51240	3	2	1	3
Q54X73	8	4	4	8
P19072	9	3	6	8
P22303	37	13	24	31
P80916	2	0	2	2
Q2TBQ8	4	2	2	4
O68008	7	4	3	7
Q54JN0	5	2	3	4
P42644	22	6	16	19
Q9XWH0	11	6	5	10
P42645	11	2	9	11
P21399	20	7	13	19
Q54DM1	6	4	2	6
P04395	13	5	8	10
Q59VP0	9	2	7	9
Q6I681	3	0	3	3
O04916	9	5	4	9
Q2H102	4	0	4	4
Q4QQT6	5	1	4	4
Q89VI2	3	0	3	3
Q96299	4	0	4	4
Q8WZ19	15	5	10	15
Q9QZH4	14	5	9	13
P48349	11	1	10	9
Q9WVA3	14	6	8	12
Q8UVY2	3	1	2	3
P78789	11	2	9	10
P80385	20	4	16	17
Q10715	6	2	4	6
Q10751	10	2	8	10
Q08235	8	5	3	7
Q54XS2	8	4	4	8
A3MNG2	5	4	1	5
Q5LN74	5	4	1	5
Q8K4V2	14	5	9	10
P54612	10	2	8	10
Q4WLN1	12	6	6	12
Q8BGM7	19	6	13	17
Q4WYU4	12	2	10	12
Q9CQ60	6	3	3	6
P94853	6	0	6	6
Q6FJ19	4	1	3	4
P49609	6	4	2	6
Q5R4S0	3	1	2	3
B7N8L5	4	1	3	4
Q54VX7	5	3	2	5
P15575	11	3	8	9
A0SN42	5	1	4	5
P30153	42	14	28	39
P83187	4	0	4	4
O00154	18	12	6	14
Q99798	14	7	7	14
P01474	3	1	2	3
P12822	8	1	7	8
Q9CQV8	24	3	21	21
P30154	8	3	5	8
Q7TNP2	9	2	7	8
P47820	80	27	53	72
P54613	4	1	3	4
Q5ZMT0	26	7	19	24
P38441	4	2	2	4
U5L406	1	1	0	1
Q38951	10	1	9	10
P92177	30	9	21	27
Q8ZQR4	4	2	2	4
Q91137	4	2	2	4
O74455	6	2	4	6
Q9HTJ0	5	1	4	4
Q9W716	4	1	3	4
Q7Y1C5	4	0	4	4
Q5V0R5	5	0	5	5
O55102	20	9	11	18
P62258	45	16	29	40
Q8VZQ4	6	1	5	6
O59778	6	5	1	6
Q7Y1C4	5	1	4	5
Q5R7L8	14	6	8	13
D3ZKU7	15	6	9	14
A7TGD9	1	0	1	1
G5EG86	11	3	8	10
A5I426	5	4	1	5
P04919	40	12	28	36
Q6WRU0	21	5	16	20
Q0VFD8	14	6	8	13
P32847	5	2	3	5
Q7M757	15	6	9	13
P23562	45	12	33	41
Q8VXX9	5	1	4	5
Q8L9S0	9	4	5	8
Q10589	31	9	22	27
Q24206	26	9	17	24
Q9X4A5	7	1	6	7
Q9VTG7	17	7	10	14
Q8R2Q8	24	7	17	22
P54582	6	0	6	6
Q9VLA1	13	6	7	11
Q8RXD4	15	3	12	12
Q811A2	23	7	16	21
G3XCN6	5	0	5	5
F4K657	2	1	1	2
Q6FDF6	4	0	4	4
Q7T3S5	8	4	4	7
Q95XD3	8	4	4	7
Q5HZL5	5	3	2	5
Q9LR78	8	2	6	8
Q54Y67	7	3	4	7
P0ABD0	5	1	4	5
Q5XJP0	7	4	3	6
P33532	13	5	8	11
Q864U1	18	3	15	18
P0ABC9	7	1	6	5
Q5V4H7	4	0	4	4
Q9VTE0	8	5	3	8
O67791	8	4	4	8
Q5CB03	9	3	6	9
O30298	7	4	3	7
P89873	5	2	3	5
Q8GYH5	4	0	4	4
B6VQ60	24	4	20	20
Q57573	9	4	5	9
P15494	7	1	6	7
Q6QNY1	25	11	14	23
Q9P2W7	11	4	7	11
Q5MWV9	5	1	4	5
P62259	44	12	32	38
P19414	14	8	6	13
Q95153	24	4	20	22
Q9S795	9	4	5	9
Q9H7C9	2	0	2	2
P28614	5	2	3	5
P62262	7	1	6	7
P9WIZ9	6	0	6	6
Q8R0P4	4	0	4	4
Q86TX2	9	2	7	7
P68509	19	5	14	18
Q988D4	3	2	1	3
Q9LSW6	2	1	1	2
Q3SZK1	11	3	8	11
Q4R7Z4	3	1	2	3
Q2PG52	8	1	7	8
O55137	11	4	7	9
Q62556	5	1	4	5
A5PJP1	16	7	9	15
Q5R7W8	3	1	2	3
Q6P1F6	11	4	7	9
Q5Z8Z7	4	2	2	4
Q5RCG7	10	3	7	10
Q29090	5	2	3	4
Q9GZZ6	27	7	20	20
Q22756	4	2	2	3
D9XDR8	3	0	3	3
P61981	21	6	15	21
Q9WTZ9	10	1	9	7
O55171	16	4	12	13
Q38967	7	0	7	6
D9J100	4	1	3	4
Q7ZX64	7	3	4	7
B6I7L3	4	1	3	4
Q47068	3	0	3	3
A9JRD8	4	0	4	4
Q9C4Z3	2	2	0	2
Q40784	3	1	2	3
Q82WA8	5	3	2	5
P80893	2	1	1	2
P9WQG2	2	0	2	2
O14734	22	12	10	19
Q9WVM8	15	9	6	13
A0JPQ8	8	1	7	8
B7VHZ1	4	0	4	4
Q9LJJ5	3	2	1	3
A3DBD7	4	2	2	4
P58938	3	0	3	3
A5CAL1	6	4	2	6
O42717	2	2	0	2
O65323	6	2	4	6
O95429	24	10	14	23
Q9ASZ9	3	0	3	3
A0A515MEM9	9	3	6	9
O82567	6	2	4	6
Q08DJ7	2	1	1	2
B3EAE0	3	3	0	3
Q40577	6	2	4	6
Q93YB2	2	0	2	2
Q9N296	13	2	11	12
P16536	4	0	4	4
Q6YKB1	4	2	2	4
C6C2Z3	4	2	2	4
Q9SRE0	4	3	1	4
P79400	14	2	12	13
D3UEK1	3	2	1	3
P72173	7	4	3	6
P48391	2	0	2	2
Q56815	4	2	2	4
Q4R7D0	3	0	3	3
Q8RCZ1	8	3	5	8
Q5R585	5	1	4	5
Q2YKY9	3	0	3	3
Q8RU95	2	1	1	2
Q52815	2	1	1	2
P00509	9	4	5	7
P41636	3	2	1	3
Q91ZF7	1	0	1	1
Q0P5A7	8	2	6	8
P28285	17	5	12	13
Q9M0X9	7	4	3	7
B7L507	3	2	1	3
Q8R5C5	4	2	2	4
Q92AR6	2	2	0	2
Q58746	4	2	2	4
O74660	4	0	4	4
Q9SB31	5	1	4	5
P26453	31	15	16	30
Q9I993	11	3	8	10
P80709	3	1	2	3
O13716	7	5	2	7
P38628	8	3	5	8
Q6DBQ1	6	3	3	6
O81906	11	2	9	11
P0C7R7	4	2	2	4
Q69V10	4	0	4	4
P14998	9	3	6	9
Q5BPF3	9	1	8	9
O80834	2	1	1	2
Q8GWQ2	9	1	8	9
O24172	1	1	0	1
O57839	3	1	2	3
Q50DM6	22	6	16	21
P25418	4	1	3	4
P57290	6	4	2	6
Q8GY61	9	2	7	9
F1RQM2	5	3	2	5
Q9UVX6	4	1	3	4
O05391	1	0	1	1
Q1M813	2	1	1	2
Q8CJ11	6	1	5	6
Q6G8J2	1	1	0	1
Q8W583	7	5	2	6
Q21221	9	4	5	9
Q9DCJ7	11	6	5	10
A6SP81	5	1	4	5
Q65G33	7	3	4	6
Q9I703	3	0	3	3
P57094	25	13	12	24
P03192	5	2	3	5
Q9H9L7	12	5	7	12
B9JYP8	5	3	2	5
Q8CJG1	29	11	18	25
P31466	6	1	5	5
A9ZSZ2	8	1	7	8
Q93SW0	4	3	1	4
O48771	9	1	8	8
C3K0A8	4	2	2	4
P56876	4	1	3	4
Q9I8I2	7	4	3	7
Q2TZN9	8	3	5	8
P21762	5	2	3	5
A3KPK0	12	5	7	10
F4HX80	4	2	2	3
Q63087	23	3	20	16
A5ENR3	5	2	3	5
F1M3G7	27	5	22	23
Q75HC2	5	1	4	4
Q15699	17	2	15	12
Q8CJ12	7	1	6	7
P25304	51	20	31	41
Q84VQ0	11	4	7	10
Q9ZVD5	22	8	14	20
P0A0B5	5	1	4	5
Q5ZMW0	8	4	4	7
A7EAG1	7	1	6	6
Q9H161	23	7	16	20
Q80TR1	21	5	16	18
P70539	40	18	22	36
Q8BM96	4	0	4	4
Q9ZV69	9	3	6	8
Q875M2	4	1	3	4
O62140	11	4	7	10
P32459	5	2	3	5
Q9FPR2	3	1	2	3
O13843	6	2	4	6
Q8U2D5	3	1	2	3
Q09701	9	2	7	8
Q9SJK3	9	0	9	7
Q51429	4	1	3	4
O88379	13	4	9	11
P40493	6	2	4	5
Q8ISB6	8	1	7	7
Q5AXW5	3	0	3	3
P53909	9	3	6	8
Q8BGS2	9	2	7	8
Q5ABU8	4	0	4	4
A3KNX5	7	1	6	6
P38928	8	6	2	8
Q12291	5	1	4	4
A8XFZ3	6	0	6	5
Q6NN00	2	0	2	2
Q8LFH6	8	2	6	7
P32762	6	2	4	6
Q9I6Z2	4	1	3	4
Q6AYS7	7	2	5	7
B7M4L5	5	2	3	5
P37710	8	1	7	8
P16897	3	0	3	3
Q7XT99	2	0	2	2
P9WIE3	8	2	6	6
Q59478	2	1	1	2
Q39250	4	0	4	4
Q9SAR5	7	3	4	7
P93013	4	1	3	4
P08944	3	0	3	3
Q80TS3	17	1	16	16
Q07750	14	4	10	12
Q29Q26	8	3	5	8
Q9ZT16	3	1	2	3
Q12013	8	3	5	7
A0A166U5H3	9	1	8	7
Q46393	4	1	3	4
Q9QYC3	24	2	22	18
Q9KPS0	3	0	3	3
P42744	13	4	9	12
Q3KST5	4	2	2	4
Q9Z277	27	8	19	23
Q24040	6	1	5	6
Q9LY91	5	1	4	5
P05552	4	0	4	4
A1B8Z3	3	3	0	3
A8DZJ1	10	1	9	9
Q9W1I2	16	6	10	13
Q7SY09	5	0	5	5
Q9FVI2	3	0	3	3
O80944	10	1	9	9
A1B8Z2	3	2	1	3
B6K9M7	3	0	3	3
Q9X4Y1	4	0	4	4
P40641	2	0	2	2
Q2V2Q1	4	1	3	4
A9YTQ3	11	2	9	10
P19997	2	0	2	2
B0K2C2	3	0	3	3
Q9HBW9	10	0	10	8
E2E2N5	5	4	1	5
P97504	17	4	13	14
A7LXU3	5	3	2	5
P02574	4	1	3	4
P84213	6	0	6	6
Q84TF0	2	0	2	2
E2E2N4	6	4	2	6
Q29S19	9	2	7	6
P55906	12	2	10	11
Q75NT5	11	2	9	9
Q923X1	8	0	8	8
A8E7D2	6	1	5	6
Q4WZB3	5	0	5	4
O74769	8	3	5	8
P25307	2	0	2	2
A0A5Q0QRJ3	2	0	2	2
Q71T09	6	0	6	6
Q95LD9	14	3	11	12
Q8RYC2	3	1	2	3
P77256	3	2	1	3
Q90Y05	3	0	3	3
P56413	8	3	5	8
P53478	15	4	11	14
P27250	4	0	4	3
P39909	3	3	0	3
O09029	4	0	4	4
P40471	10	6	4	10
B7ZS37	10	4	6	10
Q15582	22	4	18	19
O00253	18	4	14	14
P53505	5	3	2	5
P74308	5	2	3	4
P37112	1	1	0	1
O95994	17	6	11	17
P35869	44	15	29	31
P44411	4	2	2	4
Q7CR08	6	2	4	6
Q5XQC7	7	3	4	7
O11780	9	1	8	8
Q8TKQ6	2	2	0	2
Q9TU18	12	5	7	10
Q5R7P1	5	1	4	5
Q53389	5	3	2	5
P83968	5	4	1	5
Q28ID5	6	1	5	6
Q9ZSK3	8	0	8	8
P30561	92	33	59	65
Q6ZT62	9	2	7	9
Q8TW28	2	1	1	2
Q84TB3	5	0	5	5
O23304	7	1	6	7
Q9U2A9	6	5	1	6
Q23590	6	1	5	6
Q6JAN0	15	8	7	15
P47039	7	6	1	7
Q3ECW8	3	1	2	3
G3XMC5	5	0	5	5
P78743	2	1	1	2
P52556	8	4	4	7
B0WC36	6	5	1	6
P42332	2	1	1	2
Q8R3W7	4	1	3	3
Q8R4S5	21	6	15	16
B7ICG5	3	1	2	3
P41696	10	2	8	8
Q5RAI7	9	3	6	8
P77425	7	4	3	7
O87876	5	3	2	5
P47068	8	2	6	7
B3MHX6	7	5	2	7
O09174	11	3	8	9
Q10P87	5	0	5	5
O13854	3	1	2	3
Q8R4S2	22	6	16	16
O93800	3	1	2	3
Q7ZVI7	9	4	5	8
P0A0I5	3	0	3	3
Q9SSW0	9	0	9	7
O74851	7	1	6	7
O02747	16	5	11	12
B3F209	16	7	9	14
Q7K0Y1	7	5	2	7
A6QQC0	6	2	4	6
Q7ZVF9	8	4	4	8
Q9BXH1	30	14	16	24
P94571	7	1	6	7
Q84MA8	10	0	10	9
O31982	7	4	3	7
Q8VHN7	42	19	23	39
O87874	5	2	3	5
A0A2A5K485	3	0	3	3
Q99ML1	32	13	19	24
O49606	6	0	6	6
P62737	23	7	16	21
Q91ZV8	18	5	13	16
Q9USK8	19	8	11	15
Q865F8	5	1	4	5
P82965	3	0	3	3
Q9H6S1	9	3	6	9
O77150	4	0	4	3
Q9ZCV6	4	1	3	4
Q9FWS6	5	1	4	5
B8A8D2	2	0	2	2
A0A2R6QE26	5	1	4	5
Q14137	15	7	8	14
Q5WNW9	4	0	4	4
Q7X7E6	4	3	1	4
Q9V8G0	4	0	4	3
Q5N8J3	4	1	3	4
G3UZ78	3	2	1	3
Q4QH39	7	6	1	7
Q9QYP6	6	2	4	6
P28246	13	2	11	11
Q17QF0	7	7	0	7
W8JCF0	2	0	2	2
F4JSZ5	7	3	4	7
P03875	6	2	4	5
P97452	15	7	8	13
B4XY98	3	0	3	3
O46382	18	9	9	18
Q6PI77	9	3	6	8
Q0D6V7	8	5	3	8
Q9SA87	6	2	4	6
P31749	163	51	112	136
Q6PB60	9	3	6	8
Q9SA89	6	1	5	6
Q71HP2	8	2	6	7
Q9BYV1	9	9	0	9
Q6DN58	3	1	2	3
C0HL12	36	11	25	32
P02760	30	12	18	30
P0C550	3	0	3	3
Q0PGG4	8	3	5	7
Q3UEG6	9	9	0	9
Q5I597	6	1	5	6
Q6CMA4	3	0	3	3
F4HV09	4	1	3	4
O60241	10	2	8	8
Q32LQ4	8	3	5	8
Q5RBP7	4	0	4	4
Q0H8X8	10	5	5	8
P25405	3	0	3	3
Q6AYP0	2	1	1	2
A9RAH6	7	3	4	7
G3X9K3	23	11	12	23
A3MCH6	5	4	1	5
Q64565	10	10	0	10
Q9WV26	17	6	11	17
Q55F69	6	1	5	5
Q93088	9	2	7	8
P79785	21	6	15	19
O64745	6	1	5	6
D4A631	21	10	11	21
F1LXF1	47	12	35	44
Q6CB37	4	1	3	4
D4A693	21	9	12	19
P22364	3	0	3	3
P75712	5	0	5	5
Q9FMM7	5	0	5	5
Q9VLQ1	14	3	11	14
Q8UFI8	4	2	2	4
Q54DY9	9	7	2	9
Q9I8S4	18	7	11	17
A5DJQ5	4	1	3	4
P84796	3	1	2	3
Q5AL52	28	16	12	24
P31751	47	13	34	41
Q9Y7I4	6	2	4	5
Q5RFG2	7	2	5	7
P35374	39	16	23	36
Q48230	5	3	2	5
P08478	6	2	4	6
P68143	7	3	4	6
A1DDZ3	4	2	2	4
P33396	4	1	3	4
Q9FF17	6	2	4	5
Q9Z0Z6	20	10	10	20
Q3T1L5	7	2	5	5
Q07838	2	2	0	2
Q70UN9	1	0	1	1
Q868F8	4	1	3	4
P51868	26	12	14	23
Q75W64	9	3	6	9
P23991	7	4	3	7
P47728	17	5	12	13
P60710	88	30	58	77
P25095	67	19	48	54
Q5BI31	7	4	3	7
Q5ZZK4	3	2	1	3
Q8K4E0	27	7	20	26
Q6R4R8	7	1	6	7
Q96WX9	3	1	2	3
Q28462	3	0	3	3
Q54NS9	4	1	3	4
P59791	2	1	1	2
Q6CRV9	9	6	3	9
B7V2K4	3	2	1	3
Q9ZJZ7	5	4	1	5
Q887Q9	5	4	1	5
P04751	8	1	7	8
Q0DJR9	7	0	7	7
Q9BQI0	9	4	5	9
Q6P640	14	4	10	14
Q887Q6	4	1	3	4
Q9SHM1	5	0	5	4
P28032	5	2	3	5
Q8Z9L7	5	3	2	5
O52195	3	2	1	3
Q99299	13	9	4	12
Q945S5	8	1	7	7
Q63088	5	1	4	5
Q9P7Q9	9	3	6	7
Q99217	26	8	18	23
Q6YXZ1	5	1	4	5
Q887Q4	3	1	2	3
P15276	4	1	3	4
Q8N944	5	2	3	5
P83653	3	0	3	3
Q9P4S5	10	7	3	9
P69165	2	0	2	2
P54889	5	5	0	5
Q9VUR3	5	1	4	5
Q75BX3	1	1	0	1
Q6J9N8	10	5	5	9
P26275	16	4	12	14
P35592	4	0	4	4
P16454	3	0	3	3
Q9A2M2	7	2	5	7
B3LHB3	2	0	2	2
P32789	11	2	9	10
Q46CH5	2	0	2	2
P25377	4	0	4	3
P0A4G1	5	1	4	5
A3LN69	3	0	3	3
Q51372	4	1	3	4
P04842	5	2	3	5
P40394	18	7	11	16
Q6AY16	6	5	1	6
P54783	8	6	2	7
Q5HCU6	2	1	1	2
Q8ZZU1	5	1	4	5
P10286	5	2	3	5
P51201	7	5	2	7
P43235	25	9	16	21
A6ZTA4	2	1	1	2
Q6H941	7	2	5	7
Q10235	7	2	5	7
P61276	5	3	2	5
P0DOE3	1	1	0	1
P61277	7	3	4	7
Q752Y3	5	3	2	4
O05542	7	2	5	7
Q9HDX8	6	5	1	5
Q5XIC8	14	9	5	13
P06881	37	11	26	33
Q6NS38	9	6	3	7
P67477	4	2	2	4
P46563	6	2	4	6
Q8J308	3	1	2	3
P53109	9	2	7	9
C5MBA7	1	1	0	1
Q10303	10	5	5	10
P25773	15	7	8	14
Q9NXW9	17	3	14	14
Q7YRC1	4	1	3	4
Q2M2S8	7	2	5	7
Q74FK2	4	3	1	4
Q9Z0E3	19	3	16	17
Q5RCS6	12	2	10	12
Q84VX3	3	0	3	3
Q3TSG4	16	4	12	14
Q55320	14	4	10	11
Q8Z9L8	6	4	2	6
Q95K79	11	1	10	11
O46649	5	3	2	5
Q0TFJ0	3	0	3	3
P00785	1	0	1	1
Q9QXQ0	49	11	38	41
D3ZKD3	15	3	12	13
P81600	6	3	3	6
Q42690	3	2	1	3
P33744	7	3	4	7
P47015	4	4	0	4
Q66JG8	11	3	8	9
F4IIU4	9	3	6	9
P16096	6	3	3	6
Q7PKQ5	9	1	8	9
A0A0A1H8I4	9	6	3	9
Q6IQE9	4	0	4	4
A1A4L5	12	1	11	12
B2GUZ5	10	3	7	10
Q0SUG8	5	1	4	5
Q63ZZ8	4	2	2	3
Q3KRA9	5	2	3	5
P0C1H0	6	3	3	6
A2XTW9	5	0	5	5
Q9M2U3	3	0	3	3
Q60755	33	14	19	29
P0C8S5	5	3	2	5
Q07DV7	3	1	2	3
P55738	8	2	6	8
Q5R231	8	3	5	8
Q9HSB8	5	1	4	5
Q60DW3	6	0	6	6
B8GWW6	3	1	2	3
Q801X7	4	2	2	4
Q90WJ8	4	2	2	4
O68283	1	1	0	1
P25117	11	3	8	9
P07087	1	0	1	1
Q6CFD4	2	0	2	2
Q2IBE7	4	1	3	4
P19537	3	1	2	3
O19053	7	4	3	7
Q95JH7	17	11	6	16
P50578	14	8	6	14
P93629	8	5	3	7
Q5R5D5	12	7	5	12
Q40677	7	4	3	7
Q9SXV6	3	1	2	3
P83155	3	1	2	3
B7UPN5	5	1	4	5
P17516	31	14	17	28
Q325C0	2	0	2	2
Q9C2U0	7	4	3	7
P26841	2	1	1	2
F8W3R9	14	2	12	13
Q96KX2	8	1	7	8
Q95JH4	11	8	3	11
P9WQA3	8	2	6	8
P83944	2	1	1	2
P47269	5	2	3	5
Q91ZF2	32	7	25	27
Q05581	4	2	2	4
P70190	8	2	6	8
Q8BM88	4	1	3	4
G5ECD9	10	1	9	9
Q9ZBQ3	1	1	0	1
Q91WR5	36	18	18	28
Q27744	8	4	4	8
Q21286	9	3	6	9
Q9WZ28	9	5	4	8
G5EEN8	12	3	9	10
Q8VC28	24	11	13	20
Q7KQL9	10	4	6	10
Q8N163	33	5	28	31
A0A1V6PB34	5	1	4	5
O28403	4	1	3	4
Q81GQ0	11	3	8	10
Q08223	4	1	3	4
Q93Q17	4	2	2	4
Q8Z688	3	2	1	3
Q9X8R6	4	1	3	4
Q27178	3	0	3	3
Q8AY75	2	0	2	2
Q96528	19	8	11	19
P13079	3	0	3	3
Q8VDP4	32	5	27	30
Q27487	11	4	7	10
Q68DN1	2	1	1	2
Q5R8S0	25	1	24	25
P00561	9	6	3	9
P55307	16	3	13	16
Q9NWW7	2	1	1	2
O54826	10	1	9	8
Q4R907	1	1	0	1
P05434	5	2	3	5
P18122	22	3	19	20
P54213	3	0	3	3
P43553	10	2	8	7
P18924	3	0	3	3
P00562	9	5	4	9
F7EL49	5	2	3	5
B1Y992	4	0	4	4
Q9S702	6	5	1	6
D4GQN6	3	1	2	3
P55311	6	3	3	6
Q2TAA5	7	1	6	5
Q8GED9	2	0	2	2
P0C147	4	2	2	4
G5EFD9	16	4	12	15
P0CN89	3	2	1	3
B7H1P9	3	2	1	3
Q86UN6	3	3	0	3
Q10254	7	3	4	7
Q5HG86	5	2	3	5
P61409	5	1	4	5
Q4P2W6	6	2	4	6
P71008	4	2	2	4
Q755P0	8	1	7	8
P81188	3	1	2	3
O60163	8	4	4	8
A9AA91	4	2	2	4
Q9USD4	10	2	8	7
P55196	29	7	22	24
O93344	11	6	5	11
P12062	8	1	7	8
Q91D83	1	1	0	1
Q38X70	6	2	4	6
Q6CWQ0	7	3	4	7
B2VPR8	5	2	3	5
O89020	8	4	4	8
Q6F7B8	2	0	2	2
P0CW23	4	0	4	4
Q9QZQ1	45	16	29	41
Q9DBE8	18	4	14	17
Q55688	3	2	1	3
Q036B8	4	0	4	4
P77880	2	2	0	2
Q9ESN4	5	1	4	5
B4NXA8	13	4	9	12
P11884	37	10	27	34
Q4VIT5	10	4	6	10
P09954	5	1	4	5
D2K805	1	1	0	1
P20292	23	9	14	22
Q60I27	4	1	3	4
Q60PC0	8	0	8	7
A2SQF0	3	0	3	3
Q9TTM9	10	1	9	9
P0AAX2	5	1	4	5
Q8K3H7	12	6	6	12
O46373	12	6	6	10
P51826	10	3	7	10
P47740	27	11	16	24
A2A7Z8	3	0	3	2
Q5HE78	3	1	2	3
P07341	18	9	9	18
Q2YDD9	12	7	5	11
P72539	4	1	3	4
Q29228	7	4	3	7
Q940Y3	6	0	6	5
G2QNH0	5	4	1	5
O65797	6	2	4	6
Q8C138	18	7	11	16
P46367	9	2	7	8
Q8VXQ2	5	3	2	5
P26770	15	4	11	14
Q5XEA3	3	0	3	3
Q9UKF5	8	3	5	7
Q70E96	6	1	5	6
O06478	2	2	0	2
Q8VHH7	25	11	14	22
A3PNB5	4	3	1	4
C8XAR0	5	2	3	5
A7MI12	3	0	3	3
P56533	5	3	2	5
Q59167	6	2	4	6
O97470	8	4	4	6
O19014	7	3	4	7
Q9UQY0	3	2	1	3
Q5Z856	7	4	3	7
Q920A7	14	7	7	12
Q01337	26	12	14	21
P0C6D7	3	2	1	3
O25294	4	2	2	3
P64550	6	0	6	6
Q553U5	5	2	3	5
Q93ZG3	8	2	6	7
Q5RFA6	4	1	3	4
B2IB12	5	4	1	5
Q9Z213	61	26	35	54
P0A991	5	1	4	5
Q54Z60	5	4	1	4
Q39837	2	2	0	2
P98204	9	3	6	8
P16928	7	5	2	7
B2B4X6	5	4	1	5
A7THW2	3	1	2	3
P07943	40	20	20	38
Q6UEH4	6	2	4	6
P35405	6	2	4	6
Q9H9S4	3	0	3	3
Q8TD30	7	3	4	6
O58307	4	0	4	4
Q9SR25	3	1	2	3
P19220	3	1	2	3
P40145	59	27	32	46
P24298	9	5	4	9
Q8FAY8	6	4	2	6
Q8WTP8	8	3	5	8
Q8S339	3	2	1	3
Q9V419	5	1	4	5
Q38ZU0	1	1	0	1
Q03343	33	11	22	29
Q6Z2U5	4	1	3	4
A2QX22	4	2	2	4
P84996	12	4	8	11
Q5BEJ7	5	2	3	4
Q06555	1	0	1	1
Q66DQ2	5	3	2	5
Q6CSF8	3	1	2	3
Q6UXC1	3	0	3	3
B0BQM9	6	1	5	6
Q8NDL9	15	6	9	14
Q00827	9	2	7	9
Q96MC4	6	1	5	6
Q9AK25	8	2	6	8
B3EWE8	2	0	2	2
O77780	4	1	3	4
Q20952	5	0	5	5
Q9I3F6	5	1	4	4
P9WQD1	7	4	3	7
Q28483	2	0	2	2
Q4V8B5	2	0	2	2
Q6CIF3	1	1	0	1
B2GV17	12	5	7	11
A2QUI2	7	2	5	6
Q836J8	6	2	4	6
Q9ZVT9	2	0	2	2
Q9V3R6	11	2	9	8
B2KSJ6	7	2	5	6
A8GZ16	5	2	3	5
P37473	10	4	6	10
P28484	2	0	2	2
Q3V2J0	5	1	4	5
Q08957	12	3	9	10
Q561R2	3	0	3	3
P33304	6	3	3	6
Q8G8B6	4	3	1	4
Q8C633	8	5	3	8
Q8N350	9	2	7	8
Q9I5U1	8	2	6	8
Q80ZD7	23	8	15	19
Q5ZI16	4	0	4	4
D5IGG4	5	4	1	5
Q80ZD5	7	3	4	7
Q96EY9	4	1	3	4
P9WMZ6	5	1	4	5
P9WQ95	4	2	2	4
Q8GI14	9	5	4	9
Q2G0G1	4	1	3	3
O53582	4	1	3	4
Q8DJ05	4	2	2	4
D3FSJ3	3	0	3	3
F1CYZ5	3	0	3	2
Q710D7	5	1	4	5
Q6PK04	5	2	3	5
Q8AXY5	4	2	2	4
Q920P6	70	28	42	60
Q9ZUZ2	16	4	12	15
Q0P4F7	5	3	2	5
P26189	6	1	5	6
O00555	23	4	19	20
Q9C7P1	3	0	3	3
Q63ZU0	14	3	11	14
P60063	5	0	5	5
Q9KQH8	4	3	1	4
Q89A33	4	2	2	4
A0A0K1SC59	4	0	4	4
Q60HH2	5	1	4	5
Q9WVJ3	14	4	10	13
B8N8R0	2	1	1	2
P86831	2	2	0	2
Q5RDN7	13	4	9	13
P97445	66	19	47	52
Q9RQ17	3	2	1	3
A0A217EJJ0	6	1	5	6
H2MTR9	5	0	5	5
Q9SCS2	13	2	11	13
Q5JLB5	4	0	4	4
Q66H60	3	1	2	3
D4AZ71	2	0	2	2
O55017	35	9	26	28
Q9KNT4	6	2	4	6
I0HUK7	4	2	2	4
Q6K977	4	1	3	4
O74412	8	2	6	7
P32781	5	2	3	5
Q6GQT0	21	7	14	21
Q0DVU4	2	0	2	2
Q93TU6	1	0	1	1
Q8XAC3	5	2	3	5
B9IW18	2	1	1	2
P17106	19	6	13	17
O35505	17	10	7	15
P14621	3	1	2	3
Q60813	10	3	7	9
Q6BNY5	3	0	3	3
P48840	4	3	1	4
P49069	18	4	14	15
P41216	31	12	19	25
Q89MV8	5	4	1	5
Q63151	28	6	22	26
C5FUK3	3	0	3	3
O25836	3	1	2	2
Q8W4I9	5	0	5	4
P28351	4	1	3	4
Q7Z4H4	13	0	13	13
Q0CVH2	3	1	2	3
Q9H2P0	33	6	27	32
P85004	4	2	2	4
O60488	27	10	17	22
Q2UJ97	3	1	2	3
Q2R2W1	11	1	10	11
P38285	11	6	5	10
Q657B3	5	0	5	5
Q6YNQ5	2	1	1	2
Q9SIG8	7	0	7	7
Q6J1Z6	3	1	2	3
Q6P461	10	5	5	9
Q96P64	3	1	2	3
P13734	3	1	2	3
Q54Q90	5	0	5	5
P0CJ46	10	2	8	9
P0DO00	8	5	3	8
Q5NVE1	4	2	2	4
G4FEF4	6	2	4	5
G4T4R7	10	5	5	9
Q6GJZ1	2	0	2	2
Q9KWS3	2	1	1	2
Q9Y2J4	11	1	10	10
Q99ZI6	2	1	1	2
Q96P47	10	3	7	10
P0DTQ5	7	2	5	7
Q1BWA2	4	2	2	4
Q54HF1	6	1	5	6
P49250	9	5	4	9
P55087	37	17	20	33
Q75AH6	8	3	5	7
P46106	4	0	4	4
H3BCW1	8	5	3	8
P04003	11	2	9	11
Q58511	9	8	1	9
Q9SMX5	3	1	2	3
Q7T0Q0	3	2	1	3
Q9SPL5	5	1	4	5
C3VEQ4	3	0	3	3
A0A1L4BJ42	3	2	1	3
Q28FQ6	12	8	4	11
Q22531	10	2	8	10
Q9FVJ3	7	1	6	7
P08588	26	13	13	24
P12433	4	2	2	3
O80925	5	1	4	5
P07700	11	2	9	10
B3EWQ1	4	2	2	4
Q9FNP9	1	1	0	1
O70432	4	0	4	4
Q8SQI6	3	0	3	3
Q8RXE7	2	1	1	2
Q2TA45	7	2	5	7
Q99KS6	4	4	0	4
Q41258	3	0	3	3
Q95252	12	6	6	10
A1D1E6	7	2	5	7
P79148	11	3	8	10
Q4R914	8	2	6	8
P68650	2	2	0	2
P29386	12	2	10	9
P86707	3	3	0	3
P20508	7	3	4	7
Q500V5	8	1	7	7
Q74GU4	6	4	2	5
Q5FA03	1	1	0	1
Q6AGD3	5	1	4	5
O23778	5	1	4	5
Q39JJ7	7	3	4	7
B0U6J4	11	8	3	11
O05102	5	1	4	5
Q9VES1	2	1	1	2
Q8UI71	4	2	2	4
P57092	4	1	3	4
Q9V770	6	2	4	6
Q5R454	9	2	7	8
B7NHE2	3	0	3	3
Q6PHN1	10	4	6	10
O16216	3	1	2	3
P59086	6	3	3	6
Q7CMZ7	6	2	4	6
Q17192	3	2	1	3
A0A068B409	3	2	1	3
P21368	4	2	2	4
B5BL54	2	0	2	2
B3PD57	4	3	1	4
Q8VZ56	7	2	5	6
Q5NB85	4	0	4	4
P86084	3	1	2	3
A8ALR8	2	0	2	2
P61750	27	5	22	25
A6UQY8	4	3	1	4
P59085	4	1	3	4
O04899	5	1	4	4
P84084	10	1	9	8
Q5ZLX4	4	2	2	4
Q3UPH7	3	1	2	3
Q4R4C9	5	2	3	5
Q8L9J9	2	0	2	2
P94524	4	4	0	4
Q3ASI6	5	3	2	5
B3A0Q6	3	1	2	3
Q8IWT0	4	3	1	4
Q8YGI8	4	1	3	4
P00919	8	2	6	8
Q32NS4	6	0	6	6
Q8IVW6	5	1	4	4
P07450	5	1	4	4
P07451	10	2	8	9
Q24248	17	5	12	15
Q4FGG9	3	1	2	3
P23033	6	4	2	6
Q4JB72	2	1	1	2
A4QLF8	4	2	2	4
Q4LE39	18	7	11	17
Q641B9	8	3	5	8
P49464	6	5	1	6
Q9ZCT6	4	2	2	4
Q1JUP5	3	2	1	3
A7X715	4	1	3	4
Q5RE52	8	2	6	8
P58366	18	4	14	16
Q54DY1	6	5	1	6
Q8TK55	6	4	2	6
O94556	10	4	6	10
P00320	4	3	1	4
P58367	5	1	4	5
Q9TLY2	3	3	0	3
O88656	11	2	9	10
O94346	8	7	1	8
Q7JV70	4	0	4	4
P0DMM0	90	44	46	88
P0CM65	3	0	3	3
Q3ZBX7	29	14	15	29
B3PNI8	3	2	1	3
Q91V80	6	3	3	6
P35911	5	3	2	5
Q10N21	8	3	5	7
B4TPI5	4	2	2	4
Q4FQN5	6	1	5	6
B9SZB6	6	5	1	6
P08801	4	3	1	4
Q9KT52	7	5	2	7
P41990	15	2	13	14
Q0VCS9	3	0	3	3
Q8S9N6	5	0	5	4
Q10PQ9	9	2	7	9
Q91555	4	2	2	4
P14630	18	10	8	17
Q84N64	16	5	11	15
P28035	5	3	2	5
A8GIT2	3	0	3	3
Q05431	20	5	15	18
P0DN36	6	1	5	6
Q5BKI6	3	0	3	3
Q3Z989	4	2	2	4
P64248	4	3	1	4
A2Y953	1	1	0	1
O22842	7	1	6	7
Q8KDJ5	3	2	1	3
Q32PJ2	22	12	10	20
P50635	12	8	4	12
A9WJR8	3	2	1	3
Q7TMA5	55	25	30	47
A8NSH0	4	1	3	4
Q02732	10	4	6	10
A6KXB4	2	0	2	2
P0DPG8	3	1	2	3
Q4TTN8	18	8	10	16
A3KPF2	16	11	5	16
Q6CJY0	4	1	3	4
A8N3G7	2	0	2	2
Q9YF05	3	1	2	3
Q9DGA3	2	0	2	2
Q6CJK6	5	1	4	5
P43138	51	12	39	38
S0DLN7	4	2	2	4
Q6CGL4	5	2	3	5
A7YW45	21	7	14	17
Q2RKH8	7	3	4	7
Q8VYV9	3	0	3	3
Q5E9N9	9	1	8	9
C3MWY6	3	1	2	3
O43315	18	7	11	17
Q5I4F9	12	6	6	11
Q6AT90	5	2	3	5
P56483	10	0	10	10
Q9KLC6	9	6	3	8
P0C9C7	7	2	5	7
A2T7I6	22	5	17	20
Q9XW42	1	1	0	1
Q9W1V1	5	3	2	3
O14727	36	14	22	29
P05090	29	13	16	28
G5CTG4	3	0	3	3
Q9WTY4	18	7	11	17
A8YZT4	4	1	3	4
P52458	2	2	0	2
P12279	6	1	5	6
Q8WW43	16	4	12	15
Q9I5U6	1	1	0	1
Q6PEC0	5	2	3	4
Q3TAP4	6	1	5	4
Q4G059	4	0	4	4
P41319	4	2	2	4
Q87EL4	4	2	2	4
O30506	3	1	2	3
Q8NK92	5	2	3	5
O54754	17	7	10	14
H9T8I0	1	1	0	1
O68946	6	4	2	6
Q9WV76	10	3	7	9
Q9XUE7	5	2	3	5
Q9CQM6	2	1	1	2
Q8K3X6	9	2	7	9
Q71MJ0	30	10	20	30
Q02550	3	1	2	3
P39058	2	1	1	2
D4GSY7	4	1	3	4
P49699	20	4	16	18
Q8BVM2	6	2	4	6
C0Q6X8	3	3	0	3
A3PWC1	5	2	3	5
B9IX36	4	3	1	4
Q489N4	7	4	3	7
A5UUN7	4	2	2	4
P01160	37	13	24	34
B1X8W7	8	4	4	8
P16859	10	3	7	10
Q15ZX4	6	2	4	6
P07500	9	4	5	9
Q800I8	3	0	3	3
Q9M8S7	16	4	12	15
P21805	6	4	2	6
P55207	30	8	22	29
Q4YVP3	4	2	2	4
P08690	3	3	0	3
Q8RWV3	8	0	8	7
B5R273	5	3	2	5
Q7NFY1	6	3	3	6
Q5HRI4	4	1	3	4
Q96QE3	19	9	10	19
P08691	4	0	4	4
A8XKM2	6	3	3	6
A6ZWN8	7	2	5	7
P0DKS8	3	1	2	3
Q8MIT7	4	2	2	4
B0R569	6	3	3	6
P22516	10	2	8	10
Q99M54	5	0	5	5
P58824	5	3	2	4
Q8LC03	10	2	8	7
Q9ZUY3	9	5	4	9
P37843	7	4	3	7
P08243	9	3	6	8
O05272	5	3	2	5
Q32KH0	5	2	3	5
Q92R44	2	1	1	2
Q58849	5	3	2	5
M4DUF2	10	2	8	9
P17652	8	3	5	8
Q5B7R2	4	1	3	3
B4M7J1	4	0	4	4
D3U715	5	3	2	5
P74313	3	1	2	3
P54793	4	2	2	4
Q8TJK1	4	1	3	3
P28607	2	1	1	2
P46003	3	0	3	3
Q9Z6M4	7	3	4	7
Q6UWY0	6	2	4	6
A5K6W4	4	2	2	4
P0A6E1	8	4	4	7
Q6CN69	18	6	12	18
Q9YEK4	4	2	2	4
P32447	23	6	17	21
C8ZE01	2	0	2	2
Q2UKV7	5	1	4	5
P45091	2	1	1	2
Q8YQB1	1	1	0	1
O42956	8	3	5	7
Q5F3T7	8	1	7	6
Q9T0J5	9	3	6	8
Q12675	18	8	10	16
A7ZP75	7	3	4	7
C0HK79	6	1	5	6
Q6DIP1	4	1	3	4
Q6CKB6	7	4	3	7
Q54IU8	1	1	0	1
P18440	3	1	2	3
P07306	10	1	9	10
Q89MA1	5	3	2	5
Q61324	26	7	19	20
P0DKR8	6	4	2	5
Q9VW15	23	9	14	18
P22362	26	10	16	23
Q54MZ3	9	5	4	9
Q49373	4	2	2	4
P79832	13	2	11	12
Q32LR5	3	1	2	3
Q5AR57	2	0	2	2
Q53JF7	7	0	7	7
Q9I8G4	7	2	5	6
Q2PFX0	3	1	2	3
P27540	31	10	21	24
Q9ZT48	8	3	5	8
Q9BVC5	4	2	2	4
Q75DC2	3	0	3	3
A0A2U8U2L5	2	1	1	2
G5EFZ3	8	2	6	8
A3N1Z1	3	2	1	3
Q9Z2A5	5	2	3	5
Q55EI0	8	3	5	8
Q708S8	6	2	4	5
A8G3Q9	7	2	5	7
Q94545	25	10	15	23
A8CEM4	3	0	3	3
Q817C6	6	4	2	6
Q8UC31	4	2	2	4
Q42885	7	4	3	7
A4WEY6	5	3	2	5
Q5SW79	6	2	4	6
Q6CFV3	2	0	2	2
Q8HXZ8	9	1	8	8
C5JKE6	11	7	4	11
Q2P6C9	7	2	5	7
A9GMG8	4	0	4	4
Q8CI52	10	4	6	8
O97902	9	4	5	9
Q5UK76	6	2	4	6
Q9LNT9	12	3	9	11
Q95LC6	7	1	6	7
Q5ZJ23	7	4	3	7
P25549	3	1	2	3
Q86D25	11	1	10	10
Q6PBJ2	15	3	12	14
Q17QB3	15	5	10	14
Q6ENW8	5	2	3	5
Q9GZN1	8	1	7	8
A8WAT2	3	2	1	3
A5III6	3	1	2	3
Q9ULZ3	91	38	53	77
P0CM05	4	1	3	4
Q2KI54	7	2	5	7
Q885J6	4	3	1	3
O14241	13	5	8	13
Q5RDA1	7	2	5	7
A0A2H3D1U1	2	0	2	2
A0A455R5K2	2	0	2	2
P53731	17	4	13	16
Q28030	7	4	3	7
Q9EPB4	91	36	55	75
P06685	61	26	35	53
Q8D0D8	3	3	0	3
Q58EM4	9	3	6	6
Q5R516	10	3	7	10
B7N584	5	4	1	5
P69447	6	2	4	6
P45951	14	3	11	12
Q5R5Z5	10	3	7	10
Q04732	3	0	3	3
Q8MMH3	5	3	2	5
P0C7Q2	3	2	1	3
Q9H993	11	3	8	8
A7ZMZ6	2	0	2	2
F4JUL9	7	2	5	7
P14231	39	17	22	37
Q80VP9	4	0	4	4
Q5A649	21	12	9	21
P21933	5	3	2	5
Q5BH53	12	5	7	12
B1JR36	5	1	4	5
A0A0U5GFS8	8	2	6	8
Q12510	7	1	6	7
B4TGE1	3	3	0	3
W0T3R8	14	8	6	14
Q9BPI1	3	1	2	3
Q51Y68	2	1	1	2
A2AGT5	35	16	19	33
P0DKQ9	4	1	3	4
Q6BS08	7	2	5	7
P02459	38	17	21	34
P69025	3	0	3	3
Q68FJ9	7	3	4	6
A1CJ08	5	0	5	5
A6H4Q8	5	1	4	5
Q6FRW0	4	3	1	4
Q91820	16	3	13	16
P37399	5	5	0	5
Q6L392	5	4	1	5
Q01859	9	7	2	7
A4QKH8	4	2	2	4
Q9DXE9	3	1	2	3
C8VQ98	6	3	3	6
P92663	5	2	3	5
Q9WU06	21	6	15	17
Q36362	4	1	3	4
G4ZRQ7	2	1	1	2
Q5AR28	1	0	1	1
Q8A9V0	6	1	5	6
Q34942	5	0	5	5
Q9T9W0	6	3	3	5
P08443	4	0	4	4
Q6C338	6	5	1	6
A0A0U5HAQ4	2	0	2	2
A0A087WPF7	16	7	9	16
P31414	24	5	19	22
Q56ZN6	10	4	6	10
P00858	5	0	5	5
Q9JK41	13	3	10	11
O27460	5	2	3	5
P94497	3	0	3	3
Q08808	4	3	1	4
Q9TJR9	5	3	2	5
A8MC59	4	2	2	4
Q0I7R2	5	4	1	5
P0A0M7	3	2	1	2
P54254	35	12	23	30
Q9XXK1	10	6	4	9
Q0ZJ35	7	5	2	7
Q27S64	5	3	2	5
P05626	8	5	3	8
P92953	9	1	8	8
P95442	4	1	3	4
A7ETJ6	5	1	4	5
Q7TSK7	6	2	4	6
Q7TUS2	4	3	1	4
Q3M9V8	4	2	2	4
Q8PCZ7	7	4	3	7
Q36852	6	0	6	6
Q6ENG8	5	3	2	5
Q8SWR8	20	9	11	19
M1RNJ8	10	4	6	9
P0C521	5	4	1	5
Q6FIY7	3	1	2	3
A7EJG6	8	3	5	8
Q4U3V5	5	0	5	5
P50681	5	3	2	5
Q8VZJ1	14	4	10	14
O13085	4	3	1	4
P9WPA0	5	3	2	5
P11240	7	5	2	6
B2SH27	4	1	3	4
C1L2B3	4	1	3	4
B3LG81	2	0	2	2
P29879	5	2	3	5
C5CKN8	2	1	1	2
P92661	7	4	3	7
A4QTA3	5	4	1	5
Q6CWK9	4	3	1	4
Q9ZM70	2	0	2	2
A4YHL5	2	0	2	2
P40396	2	1	1	2
Q46IH7	2	0	2	2
Q8NHY2	10	2	8	9
Q5ZL05	7	2	5	6
G4WJD3	5	3	2	4
Q9D7J4	4	3	1	4
Q5RCI5	7	1	6	5
Q558X5	4	1	3	4
Q9SJA2	8	3	5	8
Q9UMD9	17	5	12	14
Q7PC67	7	3	4	6
P02529	7	2	5	6
P08181	26	6	20	24
C0Q6T8	2	0	2	2
P06206	2	0	2	2
Q9C5S9	11	1	10	10
Q8VZK9	10	4	6	10
Q5R414	9	1	8	9
P35834	7	3	4	7
Q6UUW5	6	2	4	5
D3KCC4	6	5	1	6
P49254	14	6	8	14
P0DPB7	3	0	3	3
Q9Z2L7	11	1	10	10
P35206	9	2	7	9
Q8GUH7	4	0	4	4
O65483	8	1	7	8
Q8ZDB2	3	0	3	3
P24388	36	21	15	33
P82119	1	0	1	1
G4YRT1	2	1	1	2
Q6PG95	4	0	4	4
Q54TT6	2	0	2	2
P34865	5	2	3	5
B4T460	4	3	1	4
Q9JM47	32	5	27	30
Q55793	3	2	1	3
P98020	6	3	3	6
Q84S11	8	4	4	8
P57499	5	3	2	5
P17515	37	10	27	29
A4GVD1	13	3	10	11
A1USH8	4	1	3	4
B8MVS3	3	1	2	2
P77211	13	3	10	12
Q6QLW4	5	2	3	5
B2K1X9	3	0	3	3
Q9P2B4	7	1	6	7
P86318	5	2	3	5
P27779	4	3	1	4
Q9KPK7	6	1	5	6
P97694	14	2	12	14
B9U443	2	1	1	2
A6MM49	6	4	2	6
Q2JIS8	7	3	4	7
P58703	3	1	2	3
A0A1Z3GBS4	8	2	6	8
Q18LE6	6	1	5	6
O74369	16	4	12	12
Q9I427	8	2	6	8
O00060	3	1	2	3
Q92SZ1	3	0	3	3
C0HL21	1	0	1	1
Q5DNB7	6	1	5	6
O46521	21	9	12	21
Q95245	5	3	2	5
Q89AA6	3	0	3	3
Q5AX00	3	1	2	3
P70412	10	4	6	9
P14832	18	6	12	17
O22704	5	1	4	5
B8G1W3	4	2	2	4
Q8K994	9	3	6	9
P53565	19	3	16	14
Q47S52	2	1	1	2
P83329	1	1	0	1
Q95TJ9	19	2	17	19
Q9UY33	4	2	2	4
P45399	4	0	4	4
Q3THJ3	6	2	4	5
Q06032	13	6	7	11
Q5RD29	3	2	1	3
Q9I424	6	3	3	6
Q0V9J5	2	1	1	2
P57541	4	2	2	4
Q8HXM1	5	3	2	5
Q03100	32	10	22	29
A0A6B9L8T7	1	0	1	1
P32766	4	1	3	4
O67304	5	0	5	4
Q717R9	4	0	4	4
P30323	5	1	4	5
Q62K82	4	3	1	4
Q27675	6	2	4	6
P22519	5	0	5	5
Q04110	10	6	4	8
P56344	5	4	1	5
Q01631	9	3	6	9
P22520	7	1	6	7
Q9C7C4	4	1	3	4
Q8VIH8	2	0	2	2
Q5R6L2	3	1	2	3
A0B6Z6	3	3	0	3
P30960	3	1	2	3
Q2FRY8	1	1	0	1
P03222	4	1	3	4
Q749L1	5	1	4	4
Q59I72	11	1	10	11
Q48H75	7	4	3	7
Q2QLF8	2	0	2	2
A6WTF8	2	1	1	2
A6WJT5	9	5	4	9
P57758	6	1	5	5
Q06750	5	2	3	4
Q53CF6	4	2	2	4
Q9A714	7	5	2	7
Q7XX84	11	2	9	11
B0WH58	4	2	2	4
O49515	4	0	4	4
Q9XH57	7	3	4	7
P14075	7	3	4	7
P61900	4	2	2	4
Q5RC06	6	0	6	6
A1L131	6	3	3	6
Q65CL1	15	4	11	14
A0A3G3C7T9	2	1	1	2
P49099	6	1	5	5
B4J5B3	6	1	5	6
Q9F721	6	0	6	6
E9PSL7	36	14	22	36
P0AAM2	5	0	5	5
A0A2P1BRP3	3	2	1	3
Q9P3R1	7	2	5	6
A2BPC6	6	3	3	6
Q9P7F9	7	2	5	7
Q8MIT9	7	3	4	7
Q6GPI1	5	2	3	5
P9WP43	8	3	5	7
Q8X7U3	4	3	1	4
O97571	11	2	9	10
P35003	2	2	0	2
P52716	2	0	2	2
P25930	28	5	23	28
Q6CSS6	5	2	3	5
P52714	1	0	1	1
O06793	1	0	1	1
Q7SDY3	5	1	4	5
Q9P7C6	7	2	5	6
P40313	5	2	3	4
P10157	17	6	11	15
P52868	3	1	2	3
O23413	3	1	2	3
P0A537	2	0	2	2
Q9FE29	6	2	4	6
Q79FA4	4	0	4	4
P49682	34	1	33	28
A0A0E0SP71	3	0	3	3
Q73372	16	7	9	16
Q7SBX8	7	1	6	7
P9WJF4	2	0	2	2
C3L206	7	1	6	7
Q5JX71	4	2	2	4
P39176	6	1	5	6
Q08599	6	0	6	6
P60242	3	1	2	3
Q6ZRH7	6	3	3	6
Q05B67	3	1	2	3
Q566N0	6	2	4	6
Q4R6B2	4	3	1	4
A8WFJ9	5	0	5	5
Q56XP9	4	0	4	4
Q8VD58	7	1	6	6
Q9NTU4	7	5	2	7
P38604	5	2	3	5
A0A0A7HFE6	4	0	4	4
Q02770	6	1	5	6
A6U7T3	5	1	4	5
E6LHV2	2	0	2	2
A5EWA3	6	1	5	6
Q5BB35	12	4	8	12
P15527	5	2	3	5
A0A1D8PLH0	6	4	2	6
Q96CN4	5	3	2	4
I1RZD0	4	2	2	4
P50548	10	2	8	8
O01519	8	0	8	7
P15526	4	2	2	4
P06915	1	1	0	1
Q9UT88	9	5	4	9
Q74ZA4	5	1	4	5
Q5RAC0	7	2	5	7
Q01761	2	0	2	2
Q12046	12	4	8	11
P81270	11	1	10	8
Q8EPY0	6	3	3	6
Q8R4Z4	16	4	12	11
Q9CWL8	11	2	9	11
O69078	11	3	8	11
B9FI63	7	5	2	7
Q93104	1	0	1	1
O13873	9	4	5	9
Q9UUK1	3	1	2	3
Q12734	9	2	7	8
Q4P8T5	7	4	3	7
P32081	8	1	7	6
Q83FB6	6	1	5	6
Q20595	8	0	8	8
P36995	9	1	8	6
P39158	7	1	6	5
P43497	6	0	6	6
Q9VVU5	8	6	2	8
Q5ZIF8	12	2	10	10
Q9XCX8	8	4	4	7
Q1L8X2	9	2	7	7
Q01844	11	4	7	11
A0QNF5	6	0	6	6
Q9Z2F5	30	5	25	24
P9WJF2	5	0	5	5
P84089	7	4	3	7
P9WJF3	6	0	6	6
P80230	5	2	3	5
P0C048	4	1	3	4
Q197A1	2	0	2	2
Q99LD4	6	3	3	6
Q0DIQ5	2	0	2	2
G2TRN4	10	8	2	9
Q8K923	8	5	3	8
O43768	15	3	12	12
Q75D30	3	0	3	3
O44406	11	1	10	10
P0A9R3	1	0	1	1
P04995	9	5	4	8
A0A0H2XIV9	2	0	2	2
Q8IV48	13	4	9	11
Q0VCR8	7	1	6	7
A2AV37	5	1	4	5
P60841	14	2	12	11
B5XE27	8	2	6	6
Q08I43	10	2	8	10
Q050L5	6	4	2	6
A0A0R4IZ84	6	1	5	6
P62651	8	2	6	8
Q502M8	4	1	3	4
Q2M3D2	4	1	3	4
P12491	6	3	3	6
Q86US8	20	3	17	18
Q5HZL1	3	0	3	3
A6QLH5	4	1	3	4
P09030	8	1	7	6
P61406	17	3	14	15
P44318	5	1	4	5
O43414	4	1	3	4
Q5RAK6	7	1	6	7
Q2HJE5	2	1	1	2
Q8C460	5	1	4	5
Q9KAV6	4	1	3	4
P23953	24	9	15	21
Q9H0X4	3	2	1	3
P10959	6	1	5	5
Q5F3L3	3	0	3	3
Q8VCT4	36	14	22	31
P9WNU3	5	1	4	5
P16303	35	14	21	30
Q6PC30	16	5	11	15
Q9Y5B0	21	10	11	18
O88544	7	2	5	7
Q9XYL0	5	0	5	4
Q63108	11	3	8	9
A0A396JG59	8	3	5	8
B0BZ38	5	2	3	5
P68354	5	2	3	5
Q8WVB6	12	5	7	12
Q92905	31	9	22	30
P68355	5	2	3	5
Q75E19	11	5	6	10
Q4WZP2	9	4	5	8
O35864	28	7	21	26
Q9CZL2	3	0	3	2
P23141	25	10	15	23
A0A1V0QSF1	2	0	2	2
Q89607	11	6	5	11
O46421	12	5	7	12
Q96D05	2	0	2	2
Q64419	2	1	1	2
Q8VCC2	26	9	17	24
Q9U615	4	3	1	4
P0DO28	3	0	3	3
Q51758	1	1	0	1
O74804	9	6	3	9
P43613	4	0	4	4
P86325	3	1	2	2
Q21122	6	4	2	6
Q5A1D3	20	6	14	18
Q47M62	2	1	1	2
P49872	7	5	2	7
C4YGK0	6	1	5	6
P42525	25	6	19	22
P61579	4	1	3	4
P16118	19	8	11	19
P17214	11	3	8	10
Q54QB1	30	10	20	26
P70266	18	7	11	18
P37214	7	4	3	7
Q9W354	17	3	14	15
P40417	50	18	32	45
P26285	7	4	3	7
Q8QZR3	7	2	5	5
C0LGW6	12	4	8	10
P0C0C0	5	2	3	5
Q5XH03	4	1	3	4
Q8K3R0	6	2	4	4
O60825	14	6	8	14
Q8NJM2	6	3	3	6
B1LLY0	3	1	2	3
P63893	7	2	5	7
P70265	17	6	11	15
Q7ZWU7	12	5	7	11
P54772	3	2	1	3
Q5NVT1	6	4	2	6
Q91WG0	6	2	4	4
Q82857	7	3	4	7
Q96DZ1	7	3	4	6
Q8PGC9	2	1	1	2
O87873	2	1	1	2
Q3BNX3	2	2	0	2
Q08B78	3	0	3	3
Q814I2	8	4	4	6
Q8P4Q9	5	2	3	4
Q6FNA2	10	7	3	10
Q9H0S4	12	4	8	12
Q39176	11	2	9	11
Q08558	4	1	3	4
Q6P4J6	8	2	6	7
A1C9M6	8	1	7	8
A6RRD4	7	5	2	7
Q86IZ9	7	3	4	6
Q0UI93	13	2	11	13
Q6BY27	8	2	6	8
Q9SLN8	1	0	1	1
Q5B0J9	14	4	10	13
Q8Y5N9	3	1	2	3
P27399	4	2	2	4
Q8I4N4	37	14	23	34
P9WNL1	8	4	4	8
P08171	15	5	10	14
Q7NV72	7	2	5	7
Q08662	6	2	4	6
Q9Y2R4	8	4	4	8
Q6CIV2	12	4	8	12
Q69LX2	8	1	7	8
P04994	6	3	3	6
Q6P9R1	7	3	4	7
Q8K301	6	3	3	6
Q3EBC8	12	4	8	10
Q7SYV9	4	1	3	4
Q79F14	4	0	4	3
P22380	9	3	6	9
Q08E20	5	2	3	5
Q9JZ53	8	4	4	8
O74399	8	6	2	8
P10768	10	4	6	8
Q9R0P3	7	2	5	6
Q9GJT2	6	2	4	6
Q04660	11	7	4	10
Q9WYH1	2	1	1	1
A4KX74	2	1	1	2
O18735	25	4	21	24
P22862	2	1	1	2
Q07792	3	1	2	3
P12992	1	1	0	1
D6WMZ8	2	1	1	2
P04626	60	14	46	46
P18167	4	1	3	3
Q88QS0	8	3	5	7
Q60553	19	3	16	18
I6YF08	5	0	5	5
P9WM38	3	0	3	3
P70424	79	25	54	63
P9WM39	5	1	4	5
P06494	83	25	58	67
Q7Y1X1	3	1	2	3
Q9HZY8	5	3	2	4
Q8N693	13	1	12	8
P21860	45	21	24	39
P0A565	3	0	3	3
Q61526	47	23	24	40
Q5RB22	6	2	4	6
Q62799	54	25	29	47
P28977	4	2	2	4
P03379	6	3	3	6
P9WF31	6	2	4	6
P9WNK7	15	5	10	14
Q15303	60	24	36	51
Q61527	75	31	44	62
Q62956	75	29	46	64
P00534	3	1	2	3
P9WNK5	7	2	5	7
B5XC71	11	5	6	11
Q96RT1	31	10	21	28
Q9VI60	15	8	7	12
Q17MZ8	10	5	5	10
Q80TH2	24	6	18	22
P14290	5	0	5	5
Q6NQ54	13	7	6	13
Q3ZBJ0	17	9	8	15
Q8IJN7	13	6	7	13
Q4H3N8	13	6	7	13
Q27727	9	5	4	8
Q54HB4	12	6	6	12
B3MQ24	18	12	6	17
B4JLC3	13	7	6	13
O53692	3	0	3	3
Q9VYX1	23	12	11	18
P84541	4	1	3	4
P9WNK3	4	0	4	4
P0DOA6	2	0	2	2
P9WNJ9	3	0	3	3
Q9NPA8	22	11	11	19
Q9JIX0	23	12	11	20
B5FZ63	15	9	6	14
E0CJS3	13	2	11	11
L7R9Z0	8	1	7	8
A0JND3	6	2	4	4
Q5NDL9	4	1	3	4
Q9VQB7	7	3	4	5
P9WNI9	2	0	2	2
Q8TE69	2	0	2	1
Q00869	6	2	4	6
A0A0A1EA36	6	2	4	6
Q00868	4	1	3	4
O95936	31	9	22	25
Q9BSJ8	14	5	9	12
O54839	51	13	38	37
P79944	7	1	6	7
Q93WU2	5	2	3	5
Q3U7R1	12	5	7	11
Q8TFH6	4	0	4	4
Q5RAG2	6	1	5	6
P53938	5	0	5	5
K4B6C9	5	0	5	5
Q9Z1X1	11	5	6	10
Q9VY01	5	1	4	4
Q95NZ0	2	1	1	2
Q65150	4	0	4	4
A0FGR8	19	6	13	17
P0CA64	3	0	3	3
Q3TZZ7	15	6	9	14
A0FGR9	13	6	7	12
Q9UBC2	9	1	8	8
Q5DTI8	12	6	6	11
Q5M7N9	11	6	5	11
Q60902	5	1	4	5
Q39688	3	0	3	3
F4JU69	5	0	5	5
Q9ZVA1	2	1	1	2
F4K933	7	1	6	7
Q9ZVA2	8	2	6	8
Q9ZVA4	9	3	6	9
Q9ZVA5	3	1	2	3
B3EWF7	3	0	3	3
Q8MRW5	9	1	8	9
Q09472	101	38	63	81
B2RWS6	96	35	61	74
Q14507	2	2	0	2
Q96L91	20	5	15	18
Q8CHI8	20	4	16	18
P17151	2	2	0	2
Q6SW37	2	2	0	2
Q804A5	3	1	2	3
Q6TY21	2	1	1	2
O13148	20	7	13	19
Q91845	9	4	5	9
A2QTE9	5	1	4	5
Q98SP8	9	3	6	9
A2QTE5	2	1	1	2
Q6DEY7	16	5	11	15
Q75GY0	3	1	2	3
A2QTE7	3	1	2	3
Q14236	1	0	1	1
Q99814	35	9	26	30
P97481	44	11	33	34
Q9JHS1	47	14	33	37
Q91571	17	5	12	17
Q9N179	15	2	13	15
P12264	10	1	9	10
Q9V8R9	17	5	12	16
P11171	30	6	24	28
P48193	31	6	25	28
P11434	10	1	9	10
O46510	7	1	6	7
P16452	13	3	10	12
P49222	12	2	10	10
O73875	10	4	6	10
O73878	6	3	3	6
Q9H2F5	24	2	22	17
Q8C9X6	25	2	23	18
Q52LR7	14	1	13	11
Q66JA8	4	0	4	4
Q3T0L5	5	1	4	5
Q5F381	4	2	2	4
P16422	17	9	8	16
Q1WER1	16	8	8	15
Q99JW5	19	8	11	18
Q75QW1	6	2	4	6
Q28105	6	2	4	6
Q9UNN8	12	5	7	12
Q64695	8	3	5	8
Q4V8I1	7	2	5	7
P13506	3	0	3	3
A6QLI0	9	2	7	9
Q9N0C7	5	0	5	5
P17561	4	0	4	4
Q8S8I4	5	4	1	5
Q8LC53	6	3	3	6
Q9LFT5	3	2	1	3
Q9SV72	10	5	5	8
Q95XR4	3	1	2	3
Q0IEK6	1	0	1	1
Q61WP7	2	1	1	2
Q18892	5	2	3	5
A5WUT8	5	4	1	5
Q9VE34	5	1	4	5
Q9HCE0	9	3	6	9
Q80TA9	10	3	7	10
Q86MP3	14	7	7	14
Q5EG71	12	3	9	11
Q6UW88	14	3	11	13
Q924X1	16	4	12	13
P21709	28	6	22	24
Q60750	29	6	23	24
Q8DJE9	6	4	2	6
P12319	7	2	5	7
Q97WJ5	3	1	2	3
P20489	20	6	14	16
P28901	3	1	2	3
P12371	22	7	15	17
P08640	16	7	9	14
P00455	4	4	0	4
P00454	3	3	0	3
P32768	7	2	5	7
Q16XV7	5	2	3	5
Q7QGL9	8	2	6	7
A8QGZ7	18	4	14	18
P38894	7	2	5	7
Q10F03	5	3	2	5
Q59QW5	3	0	3	3
P24134	1	1	0	1
P40068	6	2	4	6
P39712	6	1	5	6
Q7UQJ2	3	0	3	3
A8XT88	20	5	15	19
Q01362	9	2	7	8
Q18223	25	5	20	20
Q6NZ03	5	1	4	5
B3MDR0	11	2	9	11
Q9V6L9	17	4	13	14
Q5BGX6	8	5	3	8
A9FXA7	4	0	4	4
P54838	9	4	5	8
Q8K3B1	20	8	12	18
P0CH38	21	8	13	19
B7H6W8	3	2	1	3
A9WW39	4	2	2	4
A2AKB9	2	0	2	2
Q6CK32	6	4	2	6
P26196	23	9	14	20
P43550	8	4	4	7
Q5E9I8	1	0	1	1
Q641Y9	5	3	2	5
O52720	2	1	1	2
Q8SPW1	11	7	4	11
Q91VU6	4	1	3	4
Q6NSW5	5	2	3	5
P0CQ94	8	4	4	8
A6ZN46	6	3	3	6
Q5R7H5	3	1	2	3
P20491	51	22	29	46
P58709	5	3	2	4
B0R5F5	6	2	4	6
Q5ZLK1	5	3	2	5
Q4V8B2	19	5	14	17
Q8BGZ3	6	2	4	6
Q6PAC3	10	5	5	10
Q83DN1	6	2	4	5
Q83BZ9	7	2	5	7
Q6CVK1	10	4	6	10
Q8W104	12	6	6	11
Q6E7F2	6	4	2	6
Q55721	8	4	4	8
Q92564	8	4	4	8
P9WLL6	3	1	2	3
Q9LH52	7	3	4	7
D2S9Y8	5	3	2	5
Q9VBW6	8	3	5	8
P27119	5	3	2	5
Q6C2T8	6	3	3	6
Q1RMX9	13	4	9	12
P51397	9	0	9	9
Q6QGD6	1	0	1	1
Q5APC8	7	3	4	7
P50134	2	2	0	2
P10674	11	3	8	10
Q5R9G1	14	3	11	12
O87816	4	1	3	4
P61963	8	2	6	7
F4IJV4	8	2	6	8
Q09956	5	2	3	4
Q5H9S7	6	2	4	6
Q8TF63	23	11	12	23
P9WP27	4	1	3	4
Q7TQF2	5	0	5	5
Q3E7J7	1	0	1	1
P43098	7	6	1	7
Q9LTV6	4	1	3	4
P53355	34	8	26	28
Q2UFL0	8	4	4	8
Q9S9X4	3	1	2	3
P46043	3	0	3	3
Q66GA9	5	0	5	5
Q9KA91	4	2	2	4
I3LHS8	11	3	8	11
P15450	3	1	2	3
P27682	10	1	9	9
P15937	5	4	1	5
O22309	3	1	2	3
Q96375	9	4	5	9
K4GIP0	2	0	2	2
Q9R0W9	20	3	17	15
G4N2X2	6	2	4	6
Q8R4G9	42	11	31	31
Q8T675	6	3	3	5
O94929	13	1	12	13
Q6NRD0	1	0	1	1
P04757	44	10	34	33
P93236	9	4	5	9
P20988	1	1	0	1
Q5AUM3	5	2	3	5
Q8V2N7	4	1	3	4
W8JWV8	6	1	5	6
P15891	13	6	7	10
Q99424	16	4	12	13
P33489	9	2	7	9
P43681	36	8	28	27
K9GDC6	4	0	4	4
F4HU51	8	1	7	7
P0DPR4	4	0	4	4
P38030	3	1	2	3
Q5B2K4	6	2	4	6
Q694B8	13	5	8	13
P08790	4	1	3	4
Q05901	22	6	16	17
Q9ESR9	46	14	32	36
P18434	8	5	3	8
Q00898	15	3	12	12
P80227	6	1	5	6
Q3SYR3	8	2	6	8
P26152	15	4	11	13
Q07001	26	6	20	18
P51908	34	10	24	31
Q61285	24	8	16	22
P11258	2	1	1	2
Q0NXR6	5	1	4	5
Q5JWF8	1	1	0	1
Q09429	36	13	23	31
Q8S8M5	2	0	2	2
Q91XN4	15	2	13	15
P55096	27	8	19	23
Q9ZJ19	4	0	4	4
P70170	30	10	20	22
Q7SIH1	4	2	2	3
Q7XEK4	9	4	5	8
P0DON2	4	2	2	4
P83168	3	1	2	3
P78820	10	6	4	10
Q2UPB2	2	1	1	2
P31562	8	3	5	8
Q02084	4	0	4	4
P06238	26	7	19	23
Q54K24	7	2	5	6
Q8NFU1	7	1	6	7
P0C0N5	4	0	4	4
Q9C878	7	1	6	7
Q8NE71	15	5	10	14
Q9Z8L0	1	1	0	1
Q45T69	8	4	4	8
Q9VSA3	8	4	4	7
Q17851	2	0	2	2
Q9UG63	2	1	1	2
Q5R9Z5	2	1	1	2
P11929	5	3	2	5
P81592	3	0	3	3
Q975C8	3	2	1	3
P41985	15	2	13	12
P23571	9	5	4	8
O45145	6	3	3	6
P0C2Y2	5	2	3	5
P21064	3	1	2	3
Q9ERZ4	25	3	22	19
P17585	4	2	2	4
Q5ZHQ6	8	0	8	8
Q2KHT9	4	0	4	4
Q91V92	13	4	9	11
Q5R7V3	5	0	5	5
Q8T690	5	3	2	5
Q2TAG6	5	1	4	5
Q9Y6E2	6	1	5	6
D3ZCM3	19	11	8	16
P9WKK6	5	3	2	5
P49578	8	3	5	7
Q76B58	10	4	6	10
Q9LU36	4	2	2	3
B2NID7	5	1	4	4
Q91YE9	8	2	6	7
Q969T7	7	2	5	7
Q2L4X1	4	1	3	4
O35623	15	7	8	12
Q4R4P9	5	1	4	5
Q9H172	17	11	6	16
Q9N297	20	4	16	19
A0R4S9	4	1	3	3
O08451	8	4	4	7
Q70AC7	2	1	1	2
Q5FXM5	13	2	11	13
O14064	19	8	11	17
Q61503	22	5	17	20
Q39315	2	0	2	2
Q9LI00	9	3	6	9
Q6CM12	9	5	4	9
Q7M523	3	2	1	3
Q6PD28	18	3	15	16
A2AWP0	20	5	15	18
P37623	6	3	3	6
O94523	5	1	4	5
Q8GBW6	4	2	2	4
Q8ZLE2	4	2	2	4
Q95M71	10	1	9	10
P81928	2	1	1	2
P42643	5	0	5	5
Q8UF02	4	2	2	4
P23795	9	3	6	8
O31550	4	2	2	4
Q9ZQY6	5	2	3	5
Q9NUN7	18	6	12	15
O08901	19	6	13	16
Q75IV7	4	2	2	4
P49608	6	4	2	6
P47041	10	4	6	9
Q20655	12	2	10	10
Q0VCU1	13	7	6	13
Q9LJN8	12	5	7	11
Q23500	10	4	6	9
Q8LEV7	5	2	3	5
Q8GSN8	3	2	1	3
Q90875	12	6	6	12
D4B0N9	4	2	2	4
Q6BZU7	7	2	5	7
Q27677	6	3	3	6
Q60996	13	4	9	12
Q9I0N5	3	1	2	2
Q03423	3	1	2	3
Q1JQB2	13	6	7	12
P05100	4	2	2	4
P17445	8	2	6	7
Q2T9W0	10	4	6	10
Q9LU89	6	3	3	6
P58108	13	4	9	12
O18229	8	4	4	8
W4VSJ0	3	1	2	3
P21836	50	16	34	41
Q5B6D6	8	4	4	8
Q6PAM0	15	6	9	14
P54619	26	7	19	22
Q9LVE2	9	5	4	9
Q9HGL6	8	2	6	7
Q10714	13	6	7	12
Q32PI5	8	1	7	8
Q06967	8	2	6	7
O42860	10	6	4	10
P9WIS2	2	1	1	2
P0DUF0	1	0	1	1
Q4WBR0	3	0	3	3
Q9YGY3	5	1	4	5
Q9UGJ0	31	10	21	27
P07151	45	21	24	41
P9WIS0	1	1	0	1
Q10588	27	8	19	25
O70479	16	5	11	16
Q9HTJ1	4	2	2	3
P26449	8	5	3	8
P34908	35	14	21	35
Q5RBH4	14	4	10	14
Q6CIN9	10	3	7	10
P9WIS1	5	1	4	5
Q5EAX2	12	4	8	12
O22806	9	3	6	8
Q64277	19	6	13	17
O06159	6	2	4	6
P39914	2	1	1	2
Q9H3F6	10	4	6	9
Q9I1M3	3	0	3	3
P42179	1	0	1	1
H0WFA5	7	6	1	7
Q922M3	14	5	9	13
P30640	3	1	2	3
Q6QAT4	36	16	20	36
Q7TPL3	13	4	9	12
Q9FMZ0	7	3	4	7
Q5ZIJ0	5	2	3	4
Q88AE9	4	2	2	4
Q8KWS8	4	2	2	4
A2Z225	4	1	3	4
B0F481	9	9	0	9
E1AXF5	4	1	3	4
Q9BRD0	7	3	4	6
P0DQK8	5	1	4	5
Q5AYI6	8	8	0	8
E7EKH5	5	3	2	5
P85024	4	1	3	4
Q8R149	6	3	3	5
Q2HJ40	29	6	23	23
Q9BDQ5	7	1	6	7
Q95L01	5	1	4	5
Q1KLR6	19	2	17	17
P37707	1	0	1	1
P27637	22	7	15	20
P15056	25	3	22	22
P39988	8	2	6	7
P53727	9	2	7	8
Q27018	2	0	2	2
P46663	20	2	18	17
O94143	1	0	1	1
P22016	3	0	3	3
Q9P370	5	2	3	5
Q08004	8	3	5	8
P28028	54	16	38	47
P56817	44	14	30	35
P21629	11	8	3	11
Q08492	8	7	1	7
Q61125	19	2	17	16
O36018	4	2	2	4
P21630	6	2	4	5
Q9Z0S8	3	1	2	3
Q8HZN9	9	3	6	8
Q04347	5	3	2	5
P56818	45	11	34	35
G5ECL4	3	1	2	3
Q58DP0	8	5	3	8
Q95QN6	5	0	5	5
Q55DA6	5	3	2	5
P56819	43	11	32	33
O43709	10	5	5	9
P04920	20	8	12	15
O70526	5	1	4	5
Q9Y5Z0	14	2	12	12
Q7Z569	15	2	13	14
Q10162	6	3	3	5
P13808	17	7	10	14
Q9JL18	15	3	12	14
P30411	26	6	20	23
P25627	8	4	4	8
Q6IE75	15	2	13	14
O69787	3	1	2	3
P85052	2	0	2	2
Q03783	2	0	2	2
P32299	25	7	18	22
W8W138	7	1	6	7
P43573	5	4	1	5
D2I4M3	11	0	11	11
Q9GLX8	8	1	7	7
P23347	19	8	11	16
P39643	4	1	3	4
Q5A506	17	8	9	17
P39644	4	0	4	4
Q9SZ58	10	1	9	10
P33314	12	7	5	10
Q1RLU1	6	0	6	6
P48751	15	2	13	12
Q12064	2	1	1	2
P25023	26	8	18	24
O14867	19	4	15	15
Q2NKU3	7	3	4	6
P0C724	1	1	0	1
P34313	2	0	2	2
P97302	16	2	14	11
P16283	13	2	11	11
Q6J3N5	2	0	2	2
Q9BYV9	12	3	9	10
Q6PJG6	13	1	12	13
Q0KBP1	1	1	0	1
P97303	15	3	12	9
P41223	8	4	4	7
Q8C3R1	12	1	11	12
Q6ZUV0	10	5	5	8
Q6PGH1	8	3	5	7
B3U538	4	1	3	4
Q96Q91	12	5	7	10
P25337	5	1	4	5
O22929	5	1	4	5
O29592	6	1	5	6
Q8MQJ9	32	11	21	23
Q9GKY1	4	2	2	4
Q74Z75	15	2	13	14
P36179	16	7	9	16
A4K2U9	13	2	11	13
Q22616	6	4	2	5
P31946	23	4	19	20
P17446	7	1	6	5
P09470	80	27	53	72
Q9MYP4	12	3	9	11
Q38950	8	1	7	8
Q9P869	16	6	10	16
P34455	7	4	3	7
P9WQP5	5	2	3	5
A1Z9S1	10	5	5	10
Q2HGY8	9	1	8	9
Q10343	16	3	13	15
P46016	4	3	1	4
O88267	10	3	7	8
A0P8X0	4	3	1	4
O94766	18	7	11	16
P37898	8	1	7	8
Q00005	8	4	4	8
K9NBS6	5	4	1	5
P68511	23	5	18	20
B6SU46	3	0	3	3
Q12702	9	5	4	9
P66841	3	0	3	3
P58158	16	6	10	15
P61982	18	4	14	18
O35147	72	23	49	55
A7Z4X7	4	0	4	4
Q8GUM3	7	0	7	5
O97422	8	3	5	7
O27743	6	4	2	6
Q8TRZ6	8	4	4	8
Q5R590	12	3	9	12
A7Z4Y0	3	1	2	3
Q5UQH3	4	0	4	4
Q57616	7	3	4	7
A2X2K3	2	1	1	2
Q9FF99	5	0	5	4
P29958	3	0	3	3
Q49162	1	1	0	1
P47182	2	1	1	2
Q9C4Z1	3	2	1	3
Q8RS40	7	3	4	7
Q8KDS8	5	3	2	5
Q8TXF2	1	0	1	1
P45894	8	1	7	8
Q91F63	3	0	3	3
O77642	18	6	12	18
P68255	15	3	12	14
Q52812	9	4	5	8
P27348	15	3	12	14
Q08DU8	21	7	14	18
P78759	8	3	5	8
P9WQG3	3	0	3	3
P41820	7	2	5	6
I3PB37	14	7	7	11
Q864S8	14	4	10	11
P31684	4	2	2	3
Q9WX63	3	0	3	3
O29871	5	1	4	5
F7ASZ0	5	1	4	5
P89679	1	1	0	1
P94967	4	3	1	4
Q8N5Z0	15	9	6	13
B9W5G6	10	3	7	10
Q42982	6	4	2	5
P58545	6	1	5	6
Q09136	38	11	27	34
P29806	3	1	2	3
Q8ZLB8	3	0	3	3
Q99NB2	9	5	4	8
P0DTX0	1	0	1	1
C6KEM4	5	4	1	5
Q9URB4	11	4	7	9
P0C5B6	3	1	2	3
A0A0E3T3B5	2	2	0	2
P46636	13	5	8	13
Q09305	1	1	0	1
P28222	36	13	23	34
Q61224	15	3	12	14
Q9BSF8	6	3	3	6
P46116	4	1	3	3
P07752	3	2	1	3
Q09137	62	17	45	54
P28334	39	13	26	35
Q56114	5	2	3	5
Q8L539	7	4	3	6
P32357	4	2	2	3
Q9FN75	4	2	2	4
P79748	9	0	9	9
P38266	4	3	1	4
Q6IMN8	8	1	7	8
V5Y0F7	4	2	2	4
Q6DEJ5	8	2	6	8
Q84P23	8	5	3	7
B0BC06	6	0	6	6
P58350	5	3	2	5
Q9FH31	2	2	0	2
P84888	3	2	1	3
Q822F3	3	1	2	3
P55198	13	2	11	11
C4QXX8	2	1	1	2
Q3THG9	9	3	6	8
A7X5R6	30	11	19	27
A8MEX7	4	4	0	4
Q5L5E6	4	0	4	4
Q39649	3	2	1	3
Q9LQ10	6	2	4	5
B5Z4F4	7	3	4	7
P86783	4	2	2	4
P35363	58	14	44	51
Q9XZ56	26	6	20	23
A5D9M6	31	11	20	28
C5BC09	4	0	4	4
Q7JK24	10	5	5	8
P68571	4	0	4	4
P29535	6	2	4	6
B6VP39	5	5	0	5
Q8UUG8	11	1	10	11
Q9MAH4	2	1	1	2
O70212	5	3	2	5
Q9SAR0	15	2	13	15
P41595	53	16	37	46
Q9FLT4	7	1	6	6
Q7NXD4	4	2	2	4
Q9STR4	7	2	5	7
Q2J7H0	3	0	3	3
P52042	4	1	3	4
P0C9Q1	1	0	1	1
Q9DBL1	13	7	6	12
O95696	19	4	15	16
P50406	12	1	11	12
Q05928	18	5	13	15
Q9P281	1	0	1	1
Q7FB56	6	1	5	5
P67662	6	0	6	5
P38433	11	4	7	9
Q8W1W9	3	1	2	3
Q9Z0F0	9	4	5	8
Q8RWI9	3	1	2	3
P35817	15	3	12	15
Q11T61	4	1	3	3
P85951	1	1	0	1
Q5XIJ5	15	6	9	14
Q91G50	2	1	1	2
Q9P5N2	9	2	7	9
O88178	7	3	4	6
P14599	20	7	13	17
Q1PE49	4	0	4	4
P19871	4	3	1	4
Q5ZJ01	4	3	1	4
Q9M3D6	5	1	4	5
P22072	13	4	9	12
Q3EDJ0	2	1	1	2
Q3MKY2	2	1	1	2
Q8RQD2	3	0	3	3
Q5R691	19	10	9	16
Q84M24	8	1	7	6
P26439	20	9	11	15
Q61694	21	10	11	19
C0M0V4	4	1	3	4
D0G895	8	3	5	8
Q9ZR72	22	9	13	20
Q56NL1	12	4	8	12
Q22067	9	3	6	8
Q6V4H0	2	1	1	2
O35048	12	4	8	11
P9WQP7	11	4	7	9
Q9RYG9	2	1	1	2
Q6DCV1	4	0	4	4
F1MH24	19	5	14	18
Q758X0	9	4	5	9
Q700D5	5	0	5	5
Q9QYW0	23	8	15	19
Q8CIF4	6	5	1	6
Q9JI67	8	2	6	6
P55194	24	5	19	23
Q9R159	11	3	8	10
P80387	7	1	6	7
Q9V785	13	3	10	13
Q8CHT0	7	4	3	7
Q5REB0	16	8	8	13
P12345	12	5	7	12
A0KF11	3	1	2	3
Q8RSQ2	3	2	1	3
Q9SMW7	5	2	3	5
P0C2X9	5	3	2	5
P39714	5	2	3	4
Q01109	2	0	2	2
Q148F2	11	5	6	11
Q18885	10	4	6	10
Q28F67	9	5	4	9
Q5R9X9	2	1	1	2
Q6MGA9	14	2	12	11
Q3UMC0	8	5	3	8
P0C5H4	5	1	4	5
Q9XHP0	3	3	0	3
Q561X9	11	2	9	9
P20290	9	4	5	9
P19337	7	3	4	6
Q96L58	17	6	11	10
O55737	1	0	1	1
P74081	5	2	3	5
Q64152	8	4	4	8
P19409	5	4	1	5
R9QMR6	5	2	3	4
P53348	8	1	7	8
F1CKI9	6	2	4	5
P81925	3	1	2	3
P85078	3	1	2	3
Q91Z92	15	6	9	10
Q15059	7	1	6	6
Q9LVM1	21	6	15	19
Q9Z131	11	4	7	10
Q9FNU2	10	4	6	8
Q9LZB8	9	3	6	8
Q94A18	7	2	5	6
Q6NQB7	8	1	7	6
P19413	5	3	2	5
Q63073	14	3	11	14
F2XF94	6	2	4	5
Q99MH9	34	12	22	29
P15291	45	18	27	38
O46341	1	1	0	1
D4AS41	3	1	2	3
P67806	3	0	3	3
P05623	12	4	8	10
O70355	8	2	6	7
Q1JQ97	59	30	29	56
Q3UD01	2	0	2	2
P14082	19	5	14	19
Q9KH57	4	2	2	4
O75150	27	8	19	26
Q5CZ52	10	3	7	10
A1KJU9	3	2	1	3
P80225	41	13	28	35
P9WQP1	13	6	7	12
P9WQN9	10	4	6	9
P16548	4	2	2	4
Q80WN9	13	6	7	13
Q802W2	8	5	3	7
P20987	4	3	1	4
P28190	5	1	4	5
P11616	14	3	11	14
P23363	104	28	76	83
Q6UXG8	6	1	5	6
Q96RK4	69	32	37	63
Q60613	69	18	51	64
P30543	69	19	50	64
Q1LZD0	16	8	8	16
O60909	18	7	11	15
Q5RAU7	10	3	7	10
Q61618	17	5	12	15
O02667	3	1	2	3
Q8C1Z7	68	30	38	59
Q8CJB9	28	8	20	25
Q28G25	11	3	8	11
Q9Z2Y2	18	7	11	15
Q757D9	19	6	13	19
P25432	4	1	3	4
C0RGW8	6	3	3	5
Q21626	10	4	6	10
Q4WDD7	7	2	5	7
Q5EA87	11	3	8	9
Q02193	1	1	0	1
Q7ZWB7	15	7	8	15
Q2U9B0	5	0	5	5
Q60YN5	9	3	6	9
Q80WN8	9	3	6	9
Q8N3I7	16	6	10	15
Q5A4X0	12	4	8	11
Q4R649	6	1	5	6
Q6FWF3	18	4	14	18
O60512	14	5	9	12
A6H8Y1	4	3	1	4
Q9CZQ9	11	4	7	11
Q91YY2	12	3	9	10
Q9LZ82	8	0	8	8
Q66IS6	4	1	3	4
Q4H4F5	3	1	2	3
Q571C7	6	3	3	6
Q4H4F3	3	0	3	3
Q9XW70	14	4	10	11
Q4H4F0	2	0	2	2
Q9VRP9	11	2	9	8
P86461	5	2	3	5
Q4H4E9	2	0	2	2
Q80WN7	10	4	6	9
Q4H4E7	4	1	3	4
P11494	7	2	5	7
Q0P5B7	7	1	6	6
Q2L4H3	5	2	3	4
P0DMX6	6	2	4	6
Q8IWZ6	30	8	22	27
Q9W351	11	3	8	11
Q9NRG9	18	4	14	17
Q4H4F7	2	0	2	2
Q95JC7	11	3	8	10
Q15758	24	9	15	17
Q4R8W8	8	2	6	8
P51912	13	4	9	12
P39906	4	0	4	4
Q9HUQ0	1	0	1	1
P14196	4	0	4	4
P9WQG9	5	1	4	4
Q52424	2	1	1	2
P13246	2	1	1	2
Q8K2G4	24	5	19	21
Q4H4E5	2	0	2	2
Q08347	5	3	2	5
P19650	2	1	1	2
Q9JJ04	13	4	9	10
P0A0C0	5	1	4	5
E1UV19	4	4	0	4
O57254	5	2	3	5
Q5ZLG0	5	2	3	5
P27140	19	10	9	19
Q9JMI1	20	6	14	18
Q9Z3R3	4	2	2	4
A8XKV0	2	1	1	2
Q9YC08	2	0	2	2
I1S4N7	5	1	4	5
A0A1L9WLF1	3	0	3	3
Q92667	9	4	5	8
O08715	22	9	13	20
O88884	24	10	14	22
P08558	4	4	0	4
P84463	1	1	0	1
Q390T2	4	1	3	4
Q9T1V4	5	4	1	5
Q8CWN2	5	1	4	5
Q9NUB1	10	8	2	9
Q7G193	9	4	5	7
Q86KB1	11	3	8	11
Q9ZDK4	3	1	2	3
Q0S032	3	1	2	3
Q55CH0	11	3	8	11
O23887	9	5	4	8
A0MLS5	38	10	28	30
A2QTW5	6	2	4	6
Q93VJ4	7	0	7	7
P0C5S3	2	0	2	2
O49447	10	6	4	8
Q14032	23	7	16	19
Q9RB01	5	0	5	5
Q8GWK7	6	0	6	6
Q46372	4	2	2	4
Q84V39	1	0	1	1
Q7CTU0	3	2	1	3
Q5ZMT7	7	2	5	7
Q8NJN3	4	4	0	4
P43238	1	1	0	1
P12236	10	6	4	9
Q64057	9	5	4	8
Q852M1	9	5	4	8
Q86TW2	9	4	5	9
Q63767	35	10	25	27
P47227	2	1	1	2
Q9SYG7	6	1	5	6
Q9VNZ8	9	5	4	8
Q8YMK0	5	1	4	5
D4GYH3	4	1	3	4
B3QZE3	7	3	4	7
P82258	2	2	0	2
Q9C5U0	27	7	20	22
P74165	6	1	5	6
O35854	20	9	11	14
Q8C1E1	2	0	2	2
O86959	2	1	1	2
Q99996	37	12	25	34
P59826	4	0	4	4
Q9DBR0	25	11	14	23
Q2Q426	12	2	10	10
C9K1M7	2	0	2	2
Q920R0	45	10	35	38
O18874	3	1	2	3
Q8BXF8	3	1	2	3
Q9Z3R9	4	1	3	4
D4GYH1	3	2	1	3
Q5BIW4	28	6	22	26
Q00709	117	31	86	116
Q9FK51	9	5	4	7
Q9M2S3	5	1	4	5
Q0AVM4	4	1	3	4
O46564	35	12	23	29
Q9SIW1	6	0	6	4
P32721	7	5	2	6
Q653V7	3	1	2	2
O82166	8	4	4	7
P14004	3	1	2	3
Q9SR17	6	1	5	6
Q04778	5	1	4	5
P56526	3	1	2	2
P37142	8	5	3	8
Q8IZF5	4	0	4	4
P60009	23	9	14	23
A0A2R4SV19	5	1	4	5
Q4R6J9	3	1	2	3
C0HL91	3	0	3	3
P29064	2	1	1	2
O95394	12	4	8	12
P12645	12	7	5	11
O80668	4	0	4	4
P0C7S2	3	1	2	3
O81851	10	0	10	9
Q7XTS4	3	0	3	3
P38013	8	2	6	8
A0A1L9WN60	4	1	3	4
Q9VS59	12	5	7	10
A0A3G9HPE6	2	0	2	2
Q9ANL0	8	3	5	7
A0A3B7TLV2	3	1	2	3
B6HLU1	1	0	1	1
P9WQB6	4	0	4	4
C6LTG5	5	0	5	5
P80203	63	20	43	50
Q6PBN2	8	3	5	6
Q06062	3	2	1	3
M0RAU5	6	0	6	6
Q9UTK5	8	5	3	8
P00331	6	0	6	6
Q6BRE5	5	1	4	5
Q09LY5	4	2	2	4
Q9Z0X1	36	13	23	30
Q96B36	9	3	6	8
P55009	53	17	36	45
P49385	5	1	4	5
P80468	9	6	3	8
P07246	7	2	5	7
Q8N7J2	7	3	4	6
Q7Z695	3	1	2	3
Q9H2A2	9	6	3	7
P47738	22	8	14	20
P16116	8	5	3	8
Q1JPA0	8	3	5	7
Q2UVH8	4	3	1	4
Q9LMI3	7	2	5	7
Q5M828	19	7	12	17
Q9GL10	10	8	2	9
Q07732	9	5	4	9
Q04400	29	11	18	24
Q00278	5	2	3	5
Q3SZX9	6	3	3	6
Q05955	5	2	3	5
C0SUW7	7	1	6	6
Q6UEG5	3	2	1	3
Q9GKW3	3	2	1	3
P0A959	9	4	5	7
Q9SFW5	2	0	2	2
O94277	8	3	5	8
Q20027	7	1	6	5
Q6P093	4	0	4	3
P49189	13	7	6	12
P00258	13	6	7	12
Q8NEM8	4	1	3	4
Q8RWW0	12	2	10	11
P9WQ91	5	2	3	5
Q5EAR6	10	4	6	10
Q9VP61	8	6	2	8
P0A961	4	3	1	4
Q9ZVF1	9	2	7	9
P09117	17	3	14	16
Q6ZN18	9	2	7	8
Q6Z351	4	1	3	4
Q866F4	15	5	10	15
Q6FU41	2	1	1	2
Q9DGG6	9	2	7	7
P32493	3	1	2	3
Q9BQE5	12	1	11	10
Q8NCV1	9	3	6	9
D4AVD4	5	1	4	5
Q9BWT7	9	4	5	9
P71011	5	2	3	5
Q69ZU8	6	2	4	5
C5Y9U6	3	0	3	3
P44918	6	1	5	6
Q94F39	4	0	4	4
P83137	5	0	5	5
Q6NVV9	2	1	1	2
P51280	2	2	0	2
Q0VC13	3	1	2	3
Q60718	10	4	6	10
Q6FKT1	4	2	2	4
Q6DHV7	7	2	5	7
P36905	4	2	2	4
P09166	5	3	2	5
P24643	12	2	10	12
Q8IWD4	3	1	2	3
Q06BI3	5	1	4	5
T2FKR1	2	0	2	2
Q59Z29	4	1	3	4
P13566	1	0	1	1
Q2TBJ9	7	5	2	7
Q93LL2	3	2	1	3
Q71X99	8	2	6	6
Q38X69	6	2	4	6
Q50LG3	5	1	4	5
Q8R2V5	15	7	8	14
P0A003	3	1	2	3
Q8LAW2	3	1	2	3
P22149	15	4	11	13
Q86WK6	19	7	12	18
Q5R7M3	7	2	5	6
P18394	1	0	1	1
Q9CDA6	6	1	5	6
Q46389	7	2	5	6
P36548	6	3	3	5
Q4R3X7	8	4	4	8
P38580	5	0	5	5
A5KE01	5	1	4	5
Q7KT91	9	2	7	9
P03958	70	29	41	61
Q7XTK3	5	3	2	5
P00813	54	24	30	50
Q4WU09	8	4	4	7
Q8R400	8	2	6	8
B8N8Q9	4	3	1	4
P96419	4	1	3	4
Q07341	3	1	2	3
Q9FZ47	9	5	4	9
Q6GLK6	4	3	1	4
Q9MZL5	7	2	5	6
O34640	3	2	1	2
Q8R534	9	3	6	8
P07311	2	1	1	2
Q9Y2D0	8	3	5	7
P19126	2	1	1	2
P35745	2	1	1	2
O74522	7	1	6	7
Q7Z3E2	5	3	2	5
Q9QZA0	7	2	5	6
P53366	23	7	16	23
Q887D9	3	2	1	3
A0KYQ6	5	2	3	5
O62827	7	3	4	7
Q2NHQ3	5	2	3	5
Q63ZK0	4	3	1	4
Q5Z8K3	8	0	8	8
Q6J1Z5	3	1	2	3
O70490	12	7	5	10
Q9JKL8	32	6	26	31
Q14DH7	8	6	2	7
P9WID4	4	3	1	4
Q8A6L0	4	1	3	4
Q5ALR8	4	0	4	4
Q9BRR6	9	1	8	7
Q9NRN7	8	4	4	8
O23147	7	3	4	7
P0AE13	3	2	1	3
Q02589	7	4	3	6
Q8C9M2	1	0	1	1
A1YB07	24	3	21	20
P67343	2	0	2	2
P61800	7	4	3	7
P0DN70	3	1	2	2
P21290	4	3	1	4
Q04507	6	1	5	5
Q54G94	4	0	4	4
P54570	5	1	4	5
Q04508	5	1	4	5
Q553U6	19	5	14	18
Q9LN63	8	3	5	8
Q4VCS5	38	10	28	35
Q8H1H9	10	6	4	10
P0DMI7	6	0	6	6
Q9FIQ0	5	2	3	5
Q9SPL3	5	2	3	5
Q1PS23	8	2	6	8
Q9FL69	13	7	6	13
P0DM42	5	2	3	5
Q94125	30	9	21	25
E1UYT9	4	2	2	4
O70430	8	1	7	8
Q9U3D6	14	3	11	13
P0CF39	5	3	2	5
P25477	1	0	1	1
Q28066	3	1	2	3
Q9FIT8	8	3	5	8
Q53H12	23	13	10	18
P54833	17	8	9	16
P40580	3	1	2	3
Q7ZYJ3	13	11	2	12
Q9TST5	38	20	18	37
Q8AVT9	7	3	4	7
Q63515	7	2	5	7
Q38837	10	2	8	7
P07550	52	23	29	45
Q4R0J7	5	2	3	5
P06750	7	2	5	7
P04274	37	20	17	37
Q9YG22	3	1	2	3
Q1RMI8	5	1	4	5
P52826	10	4	6	10
O64703	6	0	6	5
P10969	2	1	1	2
Q1PFA4	10	3	7	8
P10608	99	38	61	82
Q26768	5	1	4	5
Q4KWL2	10	3	7	10
P03621	3	1	2	3
D4GU66	3	1	2	3
Q4PSU4	9	2	7	6
Q9FKK2	9	2	7	7
Q9SA07	13	5	8	11
F1PAA9	16	4	12	14
Q48935	3	2	1	3
Q2GGM8	5	4	1	5
Q96361	5	1	4	5
P31955	29	10	19	26
Q9UWU1	4	1	3	4
Q9M8M7	11	6	5	10
O42145	14	7	7	13
Q8BSL7	10	1	9	9
P0C2K9	6	2	4	6
P39858	2	1	1	2
Q8VZH2	12	2	10	11
Q2LAJ3	9	4	5	8
Q75AW1	6	5	1	6
Q9ZPX1	9	5	4	9
Q803F5	3	1	2	3
Q9KUS4	4	1	3	4
P19146	8	1	7	8
Q04212	4	2	2	2
C0HJE4	2	1	1	2
P93024	14	3	11	13
P59324	7	3	4	7
Q8Y6U4	5	2	3	5
P9WJG7	3	0	3	3
P84083	9	1	8	8
Q92888	10	2	8	10
Q02909	6	2	4	6
Q9T0K2	6	1	5	6
P58540	4	3	1	4
P03148	8	3	5	8
P97571	28	10	18	24
O15013	12	6	6	11
P9WJN6	5	2	3	5
P41780	4	1	3	4
F4IH31	7	0	7	7
A0A3G3C7U1	4	3	1	4
B7LW98	4	2	2	4
A5HK05	8	3	5	7
Q9SUS3	6	0	6	6
O64749	9	5	4	9
Q9K3D7	5	4	1	5
Q52718	6	2	4	6
Q9C8N7	5	0	5	5
Q861Y4	26	8	18	26
P0A9E0	6	0	6	6
Q5R1S9	8	2	6	7
Q95LS7	2	0	2	2
Q6ZSZ5	15	5	10	15
B5ZZ34	6	4	2	6
P53829	6	4	2	6
Q91MG3	6	2	4	6
Q10066	8	5	3	8
P97433	9	2	7	9
Q6TMA8	16	4	12	14
O64638	5	1	4	5
P46637	10	8	2	10
O64635	6	2	4	6
A7TNS8	1	1	0	1
Q9K7C3	3	2	1	3
Q2TBI5	2	1	1	2
A0A0C5Q4Y6	5	1	4	5
Q6P9R4	13	4	9	13
Q54MF3	3	1	2	3
O35460	53	14	39	46
Q9HCE6	7	4	3	7
Q62GY9	4	3	1	4
Q2NKV2	4	2	2	4
Q01356	4	2	2	4
Q9RJN1	4	3	1	4
P54898	9	5	4	9
Q80U35	2	1	1	2
Q9UT86	12	3	9	10
Q9ZPF5	14	7	7	12
G7JFU5	8	7	1	8
Q60FC1	7	2	5	6
P14056	16	2	14	13
P28470	7	5	2	7
P30754	2	0	2	2
Q9NYG5	19	7	12	14
Q9YNE2	3	2	1	3
Q06110	2	0	2	2
P0CM55	7	2	5	7
F1QY75	4	1	3	4
P60006	9	3	6	8
Q9ZUR7	8	6	2	8
Q58DR0	6	2	4	6
Q5HGR2	5	3	2	5
Q10582	1	0	1	1
Q84RQ8	8	1	7	8
Q09994	11	2	9	11
Q8C142	33	15	18	28
O80683	7	2	5	6
P41044	13	2	11	10
P36076	7	4	3	7
Q3ZBZ1	2	0	2	2
Q9Z1K6	17	5	12	13
P67885	2	0	2	2
Q1JUP6	4	1	3	4
Q2EGP9	3	2	1	3
P35626	13	3	10	10
Q03989	31	12	19	26
Q62431	11	1	10	9
Q58CQ2	6	2	4	6
O95445	17	10	7	16
P42063	7	1	6	7
Q86XL3	13	3	10	12
Q8MQX9	13	4	9	13
Q32KJ8	4	0	4	4
P70478	109	33	76	88
Q1PER6	10	3	7	8
P42065	6	2	4	6
P02658	5	2	3	5
Q5U2W4	4	2	2	4
Q9Z8Z1	7	1	6	7
Q8GY91	10	3	7	9
Q69SV0	10	3	7	9
P0A6D1	7	1	6	7
P70039	19	4	15	19
Q9C0W0	8	6	2	8
A5AEC8	5	4	1	5
Q9BUK0	1	1	0	1
P18648	13	5	8	13
P22675	2	2	0	2
P0DJG0	28	17	11	26
P0DTS0	5	0	5	5
A0A0E4AFG7	2	2	0	2
C0HKX6	3	2	1	3
O23324	9	7	2	9
Q3TZA2	7	2	5	7
P83481	1	0	1	1
P55345	28	9	19	25
Q9SU38	5	3	2	5
P47865	70	39	31	60
P31166	7	4	3	7
Q866S3	7	3	4	7
P0DTH1	2	0	2	2
P51683	76	31	45	63
Q9EPV5	27	11	16	25
P9WL44	4	1	3	4
Q9TUI9	12	5	7	12
A4IHD2	6	2	4	6
Q922H1	15	5	10	11
A2X0Q3	2	1	1	2
P0DOC4	5	2	3	5
Q2YR68	3	1	2	3
Q92R43	4	0	4	4
P41181	24	10	14	20
Q9UR08	2	1	1	2
P9WPY7	4	2	2	4
Q7QIL2	3	2	1	3
P55057	3	1	2	3
B1IUC4	2	0	2	2
O43488	13	2	11	12
Q8RF94	7	4	3	7
A7UXD4	8	2	6	8
Q9C8Y4	5	3	2	5
A0A2R6PLK2	5	1	4	4
P00773	18	7	11	18
Q4CQJ5	6	2	4	6
P0AB93	8	4	4	7
P27897	3	1	2	3
Q7PNM6	5	2	3	5
A4HUY0	5	2	3	5
Q108U0	29	14	15	27
P9WPY3	8	4	4	8
P0A006	5	1	4	5
P10748	5	3	2	5
Q5FYA8	4	1	3	4
P05194	6	3	3	6
P51689	4	1	3	4
Q96FF9	17	3	14	17
P19891	8	3	5	8
Q57XX3	7	4	3	6
P24792	3	1	2	3
P22700	29	11	18	24
P22106	12	4	8	10
P50275	15	6	9	11
J9VQQ3	7	3	4	7
P32660	22	10	12	21
Q9NR48	26	11	15	25
Q9V464	11	3	8	10
Q9HDX5	8	3	5	8
Q8BHE3	16	1	15	15
P0AE35	3	0	3	3
P26361	68	30	38	59
P0AE30	7	2	5	5
P40467	6	0	6	6
Q8SR86	7	2	5	7
P15993	8	3	5	8
Q9VEX6	6	5	1	6
Q949T8	6	1	5	6
P08290	10	1	9	10
B4F7F3	8	1	7	7
Q44249	4	2	2	3
O14133	5	2	3	5
P50293	2	1	1	2
Q9M1X9	6	1	5	6
P41739	29	6	23	21
P50295	3	1	2	2
P0DQI8	3	1	2	3
O58478	4	3	1	4
Q5AR53	2	0	2	2
P46380	5	2	3	5
P37366	14	5	9	13
Q708S6	7	2	5	5
P26475	6	1	5	6
Q8SQB1	21	9	12	17
Q07DZ6	47	23	24	42
Q9C776	7	2	5	7
P35902	1	1	0	1
P0A1Y3	5	2	3	5
Q9LYE3	8	1	7	6
P14297	2	2	0	2
R9QMR5	7	4	3	5
P80008	1	1	0	1
P28659	26	8	18	22
Q12834	31	12	19	28
R9QMZ0	8	5	3	6
A7MLT4	2	0	2	2
P19079	5	3	2	5
Q4QQT3	26	8	18	22
Q8WPA2	5	0	5	5
P11440	64	18	46	54
Q708S4	6	1	5	5
Q69DB9	2	0	2	2
Q708S3	5	0	5	4
Q7T2T1	13	3	10	10
Q9DGA2	10	3	7	10
Q54I82	10	4	6	9
Q5H7C0	22	10	12	22
Q9DGD3	13	5	8	13
Q4J923	5	0	5	5
O00585	58	26	32	49
Q62623	26	10	16	24
Q6PQZ2	33	14	19	28
Q5RCH1	18	6	12	17
Q8HYP5	39	20	19	36
P39951	66	18	48	55
Q4J924	4	0	4	4
O00626	22	8	14	19
Q2IBE4	44	23	21	42
P26309	18	10	8	17
F2Z6D2	6	2	4	6
O88430	16	8	8	16
Q6CT22	5	4	1	5
Q9DEB6	11	1	10	8
O95319	14	3	11	11
P04551	60	30	30	53
Q9P6Q6	8	5	3	7
P55773	24	10	14	21
Q9XH44	3	2	1	3
P47902	17	3	14	10
Q8HYP4	5	3	2	5
Q9SZA4	11	6	5	11
Q68Y86	23	9	14	22
P24923	7	3	4	7
Q6C2H4	4	4	0	4
P00546	68	21	47	58
P18111	17	3	14	10
A2T7H5	7	2	5	6
A8WIP6	11	2	9	11
Q9SJE1	9	6	3	9
Q91622	5	1	4	5
B8AMB8	5	4	1	5
P0ABF6	9	4	5	9
Q9Z0H4	13	3	10	10
O00175	29	9	20	24
O13297	7	6	1	7
Q05006	6	2	4	6
Q8IZL9	20	8	12	20
P28567	5	3	2	5
Q9XH43	4	2	2	4
Q5EDC3	10	2	8	10
Q9JKC0	27	9	18	22
Q5R8Y8	5	0	5	5
O07345	4	3	1	4
Q68A93	15	7	8	14
Q9JHU3	21	8	13	20
Q99626	28	7	21	22
Q9STS3	8	3	5	8
Q5R7I7	9	3	6	9
Q792H5	11	2	9	9
Q95000	1	0	1	1
Q4KM34	20	7	13	19
Q04649	18	7	11	17
A1A4R8	9	5	4	8
Q7ZXE2	4	0	4	4
O15444	26	10	16	20
A1YPR3	3	0	3	3
Q4Z6R1	6	3	3	6
P9WMD2	3	0	3	3
Q32LE3	9	2	7	9
Q19294	14	4	10	12
P43241	34	9	25	24
Q08E07	14	4	10	13
O35903	23	10	13	18
A3KNL5	12	4	8	12
P32749	7	2	5	5
P61075	9	3	6	9
Q86B11	7	3	4	7
Q64H35	22	10	12	20
Q1LYB6	10	4	6	10
O14627	16	2	14	11
Q9FRX6	7	4	3	7
Q5SZQ8	16	4	12	15
P41209	16	5	11	15
Q9Y6F8	5	1	4	5
Q9Y4X3	11	6	5	10
Q5E9Y0	42	12	30	36
Q8CIN6	15	4	11	14
Q2TBN3	22	10	12	22
Q6DGV1	8	1	7	7
P56389	16	8	8	14
Q9Y6F7	4	1	3	4
O61847	31	8	23	28
P43450	8	2	6	7
Q9Z1X0	11	6	5	10
Q9UJX2	18	6	12	14
P06276	27	5	22	23
P9WPH2	3	2	1	3
O55076	14	4	10	13
Q68A91	6	2	4	6
O75143	16	7	9	15
Q9NRJ3	14	5	9	11
Q9D5D8	4	0	4	4
Q6CWK2	12	7	5	12
Q4R535	6	0	6	6
Q9JIL2	10	4	6	9
Q8BGZ4	11	5	6	9
P17605	6	1	5	6
Q9S7H3	9	5	4	9
A0A2U8U2L4	3	1	2	3
Q9ES19	81	28	53	59
P83147	2	1	1	2
Q9VKV8	21	6	15	17
Q06507	79	28	51	57
P25063	32	6	26	28
Q6GPY6	11	2	9	11
Q3ZC91	5	1	4	5
Q2U616	5	1	4	5
Q8C6E0	6	2	4	6
A0A0E0RMV2	4	1	3	4
Q7TPB4	17	6	11	15
Q8NDM7	9	5	4	9
P00646	8	1	7	8
P18000	4	0	4	4
A1Z7A6	14	4	10	13
P37998	18	4	14	17
Q96N23	8	4	4	8
P28249	3	0	3	3
B2RW38	11	7	4	10
Q8TDY4	10	4	6	10
Q8NHU2	4	1	3	4
A8WH72	5	0	5	5
Q23F13	3	0	3	3
R9RL27	3	1	2	3
Q47108	4	1	3	4
D3KU67	7	2	5	4
Q8H8C7	5	1	4	5
B3GSH5	10	4	6	6
P56528	38	8	30	32
Q9MZ03	9	2	7	8
Q8E8B9	6	3	3	5
Q02638	6	2	4	6
Q0VD19	30	6	24	27
Q28072	8	2	6	8
Q6BRA6	5	2	3	5
P04234	14	3	11	12
Q19972	7	1	6	7
Q95LI8	6	1	5	6
P14664	3	0	3	3
Q4WY31	13	5	8	13
Q5R1Q1	7	2	5	7
Q07879	8	4	4	8
A0E7A5	6	4	2	6
Q91ZT7	4	0	4	4
P0CX78	6	2	4	5
Q5RFS1	3	0	3	3
Q5M883	12	3	9	11
Q21966	7	0	7	6
O58358	4	3	1	4
Q8GX92	6	1	5	5
B9KG20	3	1	2	3
Q4L2X3	3	0	3	3
P56149	4	1	3	4
Q9ZUV9	5	1	4	5
A6WLQ1	3	2	1	3
Q9XSA7	28	8	20	27
O01530	4	1	3	4
A8G2N0	3	1	2	3
A0A0H3MDW1	8	1	7	5
Q9Y696	34	9	25	32
P27197	5	0	5	4
Q5M7U6	34	11	23	32
P9WPD4	3	1	2	3
B6HLP9	2	0	2	2
O69689	2	1	1	2
A0A0M4KRN2	2	0	2	2
P61157	12	5	7	12
Q9BZE9	14	3	11	14
Q95LR4	2	0	2	2
P73211	5	1	4	4
Q4VNC0	8	2	6	8
Q9N4I0	9	3	6	9
Q9WV71	9	5	4	7
A6USM7	6	2	4	6
Q940Z2	10	3	7	10
A0A1U8QLK0	2	0	2	2
Q8G5X4	8	5	3	8
B1WUI1	3	2	1	3
A0A0U5CJT8	7	1	6	7
P30714	7	3	4	6
Q8VDN2	58	25	33	51
Q09443	5	1	4	5
Q02067	83	30	53	63
Q54G57	8	3	5	8
Q8L770	6	4	2	6
Q6A051	9	2	7	9
Q6FJ73	5	1	4	5
P68641	4	2	2	4
Q9X7E6	3	1	2	3
Q295V5	8	1	7	8
Q9US07	9	3	6	8
Q8WTM6	9	2	7	9
Q4R6C4	3	1	2	3
Q7TSN2	5	0	5	5
P50286	3	1	2	3
P05026	50	26	24	42
Q89RX6	3	1	2	3
Q55DA2	2	1	1	2
P05029	3	1	2	3
A0A3S9NM20	6	1	5	6
P77581	8	5	3	7
Q1RGR1	5	3	2	5
A8X4W9	6	4	2	6
Q17QU3	5	1	4	5
Q8BMK4	12	2	10	11
Q6C0U2	4	0	4	4
C0HJP8	2	1	1	2
Q5QXN9	6	3	3	6
Q8WYN0	8	2	6	7
Q6CS99	13	8	5	13
R4GER2	6	2	4	6
Q2I2Q5	4	2	2	4
Q872W1	11	6	5	11
P0A2Y8	5	1	4	5
Q9KNG9	4	2	2	4
A1CX69	18	11	7	18
G3J456	2	1	1	2
P9WP64	9	2	7	9
P0CH16	3	2	1	3
P27182	6	2	4	6
Q9C5A9	11	8	3	10
Q814V9	4	1	3	4
Q7U7W2	3	1	2	3
Q94F87	7	1	6	7
A5GND2	5	2	3	5
A5GFW1	23	7	16	21
Q9SQ68	4	1	3	3
Q9UQB9	26	7	19	24
P83484	15	12	3	14
P17253	6	4	2	6
Q2MI93	7	6	1	7
P70705	110	44	66	93
Q7SI16	3	2	1	3
Q6FSD5	2	2	0	2
A0A0U4ZPL6	5	1	4	5
Q27974	13	3	10	10
A0A0F7TXA0	4	1	3	4
Q5AR32	8	3	5	8
Q9F3T6	2	0	2	2
Q9N077	4	1	3	4
O78476	3	2	1	3
Q55F42	5	3	2	5
Q0CT94	2	0	2	2
P21536	5	2	3	4
Q7A1G0	1	0	1	1
P14727	5	1	4	5
P05495	4	3	1	4
Q9B8D5	8	3	5	7
Q8L9W3	5	1	4	5
Q5RFJ9	21	7	14	21
P9WEP0	5	1	4	5
O13125	9	3	6	9
Q7YCA5	5	1	4	5
Q9M364	6	1	5	6
O22755	5	1	4	5
Q2UBM1	3	1	2	3
Q5R546	12	6	6	12
Q8Y7B6	5	3	2	5
P23589	7	3	4	6
Q9Y6R9	11	2	9	10
Q3SZD7	9	4	5	8
P00150	4	1	3	4
U5KJT7	3	0	3	3
Q93ZS9	6	1	5	6
Q8R344	2	0	2	2
P68968	4	2	2	4
Q5RD60	6	0	6	6
Q50LH3	7	2	5	7
Q556M5	8	1	7	8
B2UYH0	3	2	1	3
P16670	5	0	5	5
X1WGV5	2	0	2	2
Q9Q6X7	3	1	2	3
Q9ZV28	8	2	6	6
P99120	2	2	0	2
Q8RN04	5	2	3	5
Q8N8Q1	6	3	3	5
Q0IHN7	4	1	3	4
Q5X9R0	3	1	2	3
Q5RBD6	14	3	11	14
Q62780	9	3	6	9
Q0WT48	8	4	4	8
Q1T7B7	3	1	2	3
Q9LFT8	12	4	8	10
Q9Z0F5	13	3	10	10
Q9C876	5	4	1	5
P46092	13	1	12	12
Q9HCK8	29	13	16	25
Q7SDV9	8	3	5	7
Q7K4W1	8	5	3	8
P34638	9	1	8	8
Q8N2Z9	17	7	10	15
P32943	13	3	10	12
Q2HBN0	7	2	5	7
P56492	5	0	5	5
G5EAZ3	5	1	4	5
Q9D9G3	5	0	5	4
P16061	6	1	5	6
Q9QUK0	9	3	6	9
P11797	6	1	5	6
Q6AXJ9	9	2	7	7
P29268	47	14	33	45
Q05540	6	1	5	6
P38936	57	19	38	43
Q9I7I0	13	1	12	12
Q4R5U8	10	3	7	9
Q81T99	4	2	2	4
A3KFM7	9	3	6	8
Q67P69	2	1	1	2
O00421	16	0	16	13
P50140	15	9	6	13
Q9SSF8	15	2	13	14
Q9KKF0	15	7	8	15
Q2QY37	13	2	11	13
Q0D715	15	2	13	14
Q9FMP5	15	3	12	14
P46168	5	2	3	5
Q6IRU7	5	1	4	5
Q5XI03	3	0	3	3
Q6B926	3	1	2	3
O60583	26	7	19	22
Q6AXM5	11	3	8	10
C1D6I2	5	2	3	5
Q5BKF8	4	0	4	4
Q28H54	9	3	6	9
Q88ER1	2	1	1	2
O30569	4	1	3	4
Q88GG4	2	0	2	2
B1X3X2	4	1	3	4
Q9PWB0	26	17	9	26
Q86X02	1	0	1	1
B0R4J3	1	0	1	1
Q0VEJ0	5	1	4	5
Q9QWV9	27	9	18	19
A0LRE3	5	2	3	5
O35723	8	3	5	8
Q0VNE4	2	2	0	2
P69854	2	0	2	2
B0CBA0	4	2	2	4
P73548	4	2	2	4
O24958	8	2	6	8
Q9HA82	8	1	7	6
A9TXT1	9	2	7	9
O62680	5	1	4	5
Q6C7U1	6	1	5	6
Q5R510	3	2	1	3
Q6BIB1	4	1	3	4
Q5GCA5	8	2	6	8
O75953	5	3	2	5
Q8C172	9	1	8	7
O66194	5	3	2	5
P47777	3	1	2	3
Q81J64	6	2	4	6
Q5F3Z5	22	5	17	22
Q7YR44	4	2	2	4
O59362	5	2	3	5
P36235	2	1	1	2
Q7NXI1	8	2	6	8
D3UTF3	7	4	3	7
Q94JQ6	12	4	8	11
Q166I9	4	2	2	4
Q7ZVC4	15	5	10	15
P21855	3	0	3	3
Q6YVM4	8	2	6	7
P40293	12	1	11	11
Q8BJF9	44	17	27	40
Q5RAV2	4	0	4	4
P0CAN6	7	0	7	7
A2VDY3	32	19	13	32
Q4VAA2	3	0	3	3
Q9BY43	47	22	25	42
P63964	6	2	4	6
Q99234	5	1	4	5
Q8LFV3	6	1	5	6
A2Z1C8	7	1	6	7
P05156	12	6	6	12
A0QLP6	9	6	3	9
Q9P2K9	14	1	13	14
P45509	4	1	3	4
P09564	8	0	8	6
Q9RLB8	4	1	3	4
Q95QW4	11	5	6	11
Q54P63	5	2	3	5
O27566	6	1	5	6
P0ABL9	4	0	4	4
P0A9H8	4	1	3	4
Q73R77	1	1	0	1
Q5VQK9	8	3	5	8
P0ABL8	6	2	4	6
Q9LSE1	8	3	5	7
O04121	5	4	1	5
P81475	4	3	1	4
O93803	5	5	0	5
Q5SFA6	3	0	3	3
Q8TJZ5	5	4	1	5
P28175	6	2	4	6
P0ABM3	5	1	4	5
P60034	32	17	15	29
Q9Y3E7	46	21	25	40
Q96GE9	3	2	1	3
Q4R574	6	0	6	6
Q62745	50	24	26	42
P42381	9	4	5	9
P04830	6	3	3	6
D7REY4	3	2	1	2
Q8WN91	6	1	5	5
P31783	5	0	5	5
Q8UVJ7	4	1	3	4
Q6C5D0	7	3	4	6
Q6FPP7	7	4	3	7
P0C1F7	4	0	4	4
A0A4P8DJF6	2	1	1	2
A7ISP5	2	1	1	2
O76337	12	6	6	11
Q96JP9	8	5	3	7
Q5R812	6	3	3	6
Q9HTH5	4	0	4	4
Q9FMF7	14	5	9	13
O94730	7	3	4	7
E9Q7P9	16	8	8	14
P42082	26	11	15	22
Q86K93	6	2	4	5
C0NLX2	5	1	4	5
A4WG79	5	2	3	5
B5RAY5	3	0	3	3
P30409	12	4	8	12
O65896	8	5	3	7
Q8VCN6	7	2	5	7
P40239	15	5	10	14
B9WL59	6	1	5	6
P51105	3	2	1	3
H9J9M0	6	3	3	6
E6UB41	2	1	1	2
Q8CFN2	102	37	65	84
Q9Z1X9	13	5	8	12
Q98325	7	5	2	7
E0SDG8	4	2	2	4
O74113	13	6	7	12
Q6CU65	6	4	2	6
P17514	6	0	6	6
O16881	4	0	4	4
P40240	22	8	14	21
A5I4V0	3	1	2	3
P33673	3	1	2	3
O14234	9	1	8	7
Q868M7	19	12	7	16
Q9JJV5	22	12	10	20
Q9NYV4	25	8	17	21
Q8SX37	9	3	6	9
Q5BDG7	4	1	3	4
Q6KZL0	2	1	1	2
P81299	31	8	23	25
Q99459	22	5	17	17
P06215	7	1	6	7
Q5WJ42	7	1	6	7
Q9CQ52	4	2	2	4
Q45589	6	3	3	6
P53702	8	4	4	7
Q9H305	7	3	4	7
B2AE04	3	1	2	3
P37282	8	6	2	8
Q3MJK5	24	7	17	20
Q8STS8	3	1	2	3
Q8VHW2	22	13	9	19
A7SD85	10	1	9	10
Q00023	4	1	3	4
Q97WM8	3	2	1	3
O54804	18	7	11	16
Q45EK2	6	0	6	6
P29964	3	1	2	3
Q29461	9	3	6	8
P70500	11	3	8	11
E1BB52	23	7	16	20
A1CJ34	11	3	8	11
O61661	16	2	14	13
Q9Z0H0	20	4	16	18
O24603	12	4	8	12
Q73RG3	5	2	3	5
D4GTC1	4	1	3	4
O94986	13	9	4	13
Q9QZZ1	5	0	5	5
Q8HYQ1	17	8	9	17
P20385	12	4	8	9
Q2HJH8	3	0	3	3
A9XMT5	3	1	2	3
Q580P9	7	2	5	7
G4RT11	8	2	6	8
Q6ZU80	6	2	4	6
Q9XTR1	25	10	15	20
P53280	5	3	2	5
Q28071	11	4	7	11
Q91365	4	1	3	4
Q68AZ0	15	8	7	15
Q9QZY8	4	0	4	4
P26443	21	12	9	20
P67792	7	3	4	7
P09693	22	5	17	20
Q8HYS0	8	2	6	8
O43822	13	2	11	12
Q7AJA9	3	2	1	3
P16127	10	7	3	10
Q2MIG3	3	3	0	3
P84020	6	3	3	6
P40793	67	22	45	57
P11597	29	13	16	24
Q8PBY6	6	3	3	6
M1V4Y8	6	3	3	6
Q5XF33	9	7	2	8
Q9N1E5	3	0	3	3
P26491	3	0	3	3
Q5R957	9	0	9	9
P0A4I5	5	3	2	5
P25914	10	5	5	9
Q6NTY8	7	2	5	7
Q9I8D8	24	11	13	24
O88278	14	4	10	13
Q9LW83	11	2	9	11
Q9KVX5	6	2	4	6
Q66HD5	5	1	4	5
P79185	8	1	7	8
P63304	16	8	8	16
P70110	27	11	16	23
P00889	6	2	4	5
Q9Z0S5	10	3	7	9
B9EHT4	24	6	18	23
P19397	11	6	5	11
